Date,Open,High,Low,Close,Volume
2018-01-26,2085.43994140625,2296.0,1815.52001953125,1890.56005859375,21223.0
2018-01-29,1927.52001953125,1927.52001953125,1772.9599609375,1817.760009765625,2584.0
2018-01-30,1823.3599853515625,1852.592041015625,1711.3599853515625,1762.8800048828125,1362.0
2018-01-31,1759.52001953125,1854.719970703125,1744.9599609375,1816.6400146484375,1612.0
2018-02-01,1816.6400146484375,1948.9119873046875,1794.5760498046875,1876.0,738.0
2018-02-02,1859.199951171875,1932.0,1797.5999755859375,1908.47998046875,1315.0
2018-02-05,1898.4000244140625,1931.887939453125,1767.3599853515625,1897.280029296875,1787.0
2018-02-06,1872.6400146484375,1904.0,1736.0,1800.9599609375,943.0
2018-02-07,1794.239990234375,1877.008056640625,1792.0,1816.6400146484375,410.0
2018-02-08,1846.8800048828125,1890.56005859375,1699.5999755859375,1848.0,514.0
2018-02-09,1842.4000244140625,1904.0,1740.592041015625,1904.0,255.0
2018-02-12,1904.0,2056.320068359375,1881.5999755859375,2027.199951171875,1790.0
2018-02-13,2035.0400390625,2112.320068359375,1943.760009765625,2044.0,719.0
2018-02-14,2016.0,2072.0,1956.416015625,2026.0799560546875,157.0
2018-02-15,2010.4000244140625,2044.0,1846.8800048828125,2040.6400146484375,271.0
2018-02-16,2042.8800048828125,2101.1201171875,1994.719970703125,2101.1201171875,889.0
2018-02-20,2124.639892578125,2240.0,2116.800048828125,2184.0,1783.0
2018-02-21,2163.840087890625,2233.280029296875,2153.64794921875,2205.280029296875,703.0
2018-02-22,2213.1201171875,2322.8798828125,2167.199951171875,2200.800048828125,701.0
2018-02-23,2226.56005859375,2349.760009765625,2217.60009765625,2335.199951171875,995.0
2018-02-26,2352.0,2362.864013671875,2261.280029296875,2307.199951171875,473.0
2018-02-27,2301.60009765625,2311.679931640625,2161.60009765625,2212.0,1329.0
2018-02-28,2198.56005859375,2228.800048828125,2158.239990234375,2184.0,667.0
2018-03-01,2172.800048828125,2189.60009765625,2057.43994140625,2057.43994140625,514.0
2018-03-02,2039.52001953125,2114.56005859375,1983.2960205078125,1985.760009765625,993.0
2018-03-05,1998.0799560546875,2115.679931640625,1948.800048828125,1974.56005859375,425.0
2018-03-06,1983.52001953125,2072.0,1848.112060546875,1926.4000244140625,1458.0
2018-03-07,1911.8399658203125,1971.199951171875,1880.592041015625,1905.1199951171875,946.0
2018-03-08,1904.0,1984.6400146484375,1800.6240234375,1812.1600341796875,820.0
2018-03-09,1825.5999755859375,1930.8800048828125,1742.719970703125,1780.800048828125,923.0
2018-03-12,1780.800048828125,1849.1199951171875,1737.1199951171875,1780.800048828125,1573.0
2018-03-13,1780.800048828125,1849.1199951171875,1705.760009765625,1730.4000244140625,1121.0
2018-03-14,1836.800048828125,1836.800048828125,1630.719970703125,1688.9599609375,2213.0
2018-03-15,1699.0400390625,1785.280029296875,1650.8800048828125,1671.0400390625,1137.0
2018-03-16,1659.8399658203125,1719.199951171875,1580.8800048828125,1674.4000244140625,6904.0
2018-03-19,1667.6800537109375,1828.9599609375,1590.4000244140625,1687.8399658203125,1467.0
2018-03-20,1692.3199462890625,1768.7039794921875,1644.1600341796875,1666.56005859375,1334.0
2018-03-21,1665.43994140625,1718.0799560546875,1624.0,1646.4000244140625,1083.0
2018-03-22,1631.8399658203125,1680.0,1460.47998046875,1476.1600341796875,1884.0
2018-03-23,1480.6400146484375,1548.9599609375,1312.751953125,1319.3599853515625,1202.0
2018-03-26,1342.8800048828125,1375.8079833984375,1205.1199951171875,1226.4000244140625,897.0
2018-03-27,1228.6400146484375,1310.4000244140625,1183.280029296875,1258.8800048828125,895.0
2018-03-28,1256.6400146484375,1256.6400146484375,1137.9200439453125,1182.719970703125,793.0
2018-03-29,1187.199951171875,1236.47998046875,1047.199951171875,1072.9599609375,929.0
2018-04-02,1069.5999755859375,1118.8800048828125,958.3839721679688,959.8400268554688,864.0
2018-04-03,967.6799926757812,1041.5999755859375,945.280029296875,991.2000122070312,1898.0
2018-04-04,962.0800170898438,996.7999877929688,943.0399780273438,984.47998046875,496.0
2018-04-05,991.2000122070312,1162.56005859375,991.2000122070312,1071.8399658203125,2497.0
2018-04-06,1062.8800048828125,1083.0400390625,924.6719970703125,950.8800048828125,1973.0
2018-04-09,963.2000122070312,1054.927978515625,875.8400268554688,899.3599853515625,1282.0
2018-04-10,909.4400024414062,1055.0400390625,845.1519775390625,1050.56005859375,1260.0
2018-04-11,1048.3199462890625,1118.8800048828125,981.1199951171875,1064.0,1157.0
2018-04-12,1076.3199462890625,1149.1199951171875,1015.8400268554688,1028.1600341796875,1026.0
2018-04-13,1034.8800048828125,1062.8800048828125,985.5999755859375,1004.6400146484375,1217.0
2018-04-16,1011.3599853515625,1024.800048828125,959.8400268554688,960.9600219726562,1062.0
2018-04-17,972.1599731445312,1007.8880004882812,918.4000244140625,941.9199829101562,1106.0
2018-04-18,946.4000244140625,1030.4000244140625,942.47998046875,1018.0800170898438,913.0
2018-04-19,1019.2000122070312,1069.5999755859375,966.5599975585938,984.47998046875,1050.0
2018-04-20,984.47998046875,1011.3599853515625,952.0,982.239990234375,621.0
2018-04-23,988.9600219726562,1005.760009765625,929.5999755859375,999.0399780273438,976.0
2018-04-24,1003.52001953125,1013.5999755859375,935.2000122070312,955.3599853515625,568.0
2018-04-25,952.0,1013.5999755859375,918.4000244140625,959.8400268554688,379.0
2018-04-26,965.4400024414062,1030.4000244140625,950.8800048828125,966.5599975585938,2244.0
2018-04-27,973.280029296875,1019.2000122070312,953.1199951171875,995.6799926757812,884.0
2018-04-30,1002.4000244140625,1018.0800170898438,986.719970703125,1008.0,784.0
2018-05-01,1012.47998046875,1120.0,1005.760009765625,1081.9200439453125,1203.0
2018-05-02,1081.9200439453125,1191.6800537109375,1080.239990234375,1140.1600341796875,1300.0
2018-05-03,1136.800048828125,1186.0799560546875,1076.3199462890625,1092.0,1356.0
2018-05-04,1085.280029296875,1088.6400146484375,1033.760009765625,1074.0799560546875,620.0
2018-05-07,1075.199951171875,1147.43994140625,1048.3199462890625,1088.6400146484375,925.0
2018-05-08,1089.760009765625,1115.52001953125,1058.4000244140625,1080.800048828125,263.0
2018-05-09,1105.43994140625,1232.0,1084.1600341796875,1215.199951171875,2927.0
2018-05-10,1232.0,1379.8399658203125,1215.199951171875,1257.760009765625,2052.0
2018-05-11,1254.4000244140625,1352.9599609375,1228.751953125,1339.52001953125,1240.0
2018-05-14,1338.4000244140625,1433.0400390625,1253.280029296875,1273.43994140625,1756.0
2018-05-15,1274.56005859375,1319.3599853515625,1220.800048828125,1276.800048828125,679.0
2018-05-16,1284.6400146484375,1285.760009765625,1133.43994140625,1135.1199951171875,2045.0
2018-05-17,1104.3199462890625,1150.239990234375,994.5599975585938,1028.1600341796875,2921.0
2018-05-18,1018.0800170898438,1065.1199951171875,999.5999755859375,1034.8800048828125,693.0
2018-05-21,1047.199951171875,1047.199951171875,936.3200073242188,984.47998046875,1328.0
2018-05-22,982.239990234375,997.9199829101562,968.7999877929688,980.0,808.0
2018-05-23,985.5999755859375,1034.8800048828125,985.5999755859375,1022.5599975585938,878.0
2018-05-24,1019.2000122070312,1084.6080322265625,988.9600219726562,1011.3599853515625,1045.0
2018-05-25,1024.800048828125,1039.3599853515625,1000.1599731445312,1023.6799926757812,653.0
2018-05-29,1023.6799926757812,1087.52001953125,1023.6799926757812,1075.199951171875,674.0
2018-05-30,1093.1199951171875,1131.199951171875,1080.800048828125,1096.47998046875,737.0
2018-05-31,1097.5999755859375,1121.1199951171875,1062.8800048828125,1096.47998046875,837.0
2018-06-01,1103.199951171875,1128.9599609375,1081.9200439453125,1109.9200439453125,720.0
2018-06-04,1105.43994140625,1118.8800048828125,1087.52001953125,1097.5999755859375,672.0
2018-06-05,1095.3599853515625,1120.0,1069.5999755859375,1109.9200439453125,1034.0
2018-06-06,1108.800048828125,1127.280029296875,1078.56005859375,1104.3199462890625,591.0
2018-06-07,1096.47998046875,1117.199951171875,1073.52001953125,1083.0400390625,977.0
2018-06-08,1078.56005859375,1121.1199951171875,1060.6400146484375,1097.5999755859375,1128.0
2018-06-11,1105.43994140625,1142.4000244140625,1097.5999755859375,1135.6800537109375,1376.0
2018-06-12,1142.4000244140625,1174.8800048828125,1125.5999755859375,1142.4000244140625,1395.0
2018-06-13,1149.1199951171875,1194.927978515625,1127.8399658203125,1180.47998046875,1152.0
2018-06-14,1197.280029296875,1258.8800048828125,1158.0799560546875,1216.3199462890625,1367.0
2018-06-15,1230.8800048828125,1400.56005859375,1159.199951171875,1340.6400146484375,2604.0
2018-06-18,1330.56005859375,1330.56005859375,1224.1600341796875,1257.760009765625,1053.0
2018-06-19,1245.43994140625,1304.800048828125,1210.719970703125,1228.6400146484375,1163.0
2018-06-20,1228.6400146484375,1291.3599853515625,1214.0799560546875,1216.3199462890625,1071.0
2018-06-21,1217.43994140625,1291.9200439453125,1148.0,1179.3599853515625,1149.0
2018-06-22,1184.9599609375,1193.9200439453125,1060.6400146484375,1105.43994140625,2750.0
2018-06-25,1106.56005859375,1120.0,1064.0,1077.43994140625,1248.0
2018-06-26,1072.9599609375,1103.199951171875,1030.4000244140625,1044.9599609375,749.0
2018-06-27,1040.47998046875,1131.199951171875,952.0,960.9600219726562,1292.0
2018-06-28,959.8400268554688,1030.4000244140625,959.8400268554688,1008.0,902.0
2018-06-29,1013.5999755859375,1108.800048828125,1013.5999755859375,1024.800048828125,1483.0
2018-07-02,1036.0,1089.760009765625,994.5599975585938,1011.3599853515625,983.0
2018-07-03,1013.5999755859375,1032.6400146484375,1001.280029296875,1009.1199951171875,413.0
2018-07-05,1016.9600219726562,1043.8399658203125,985.5999755859375,996.7999877929688,1654.0
2018-07-06,999.0399780273438,1008.2239990234375,986.719970703125,1000.1599731445312,1284.0
2018-07-09,1008.0,1023.0079956054688,939.7919921875,960.9600219726562,1590.0
2018-07-10,962.0800170898438,962.0800170898438,918.4000244140625,938.5599975585938,2251.0
2018-07-11,938.5599975585938,1177.1199951171875,918.4000244140625,1041.5999755859375,11638.0
2018-07-12,1050.56005859375,1051.1199951171875,970.031982421875,1022.5599975585938,2743.0
2018-07-13,1023.6799926757812,1035.2159423828125,983.3599853515625,1024.800048828125,1034.0
2018-07-16,1019.2000122070312,1029.280029296875,969.9199829101562,1002.4000244140625,1635.0
2018-07-17,1006.8800048828125,1006.8800048828125,952.0,971.0399780273438,1279.0
2018-07-18,971.0399780273438,980.0,945.280029296875,968.7999877929688,648.0
2018-07-19,969.9199829101562,1001.280029296875,950.8800048828125,976.6400146484375,640.0
2018-07-20,971.0399780273438,1003.52001953125,970.031982421875,976.6400146484375,2456.0
2018-07-23,981.1199951171875,1013.5999755859375,978.8800048828125,1009.1199951171875,1617.0
2018-07-24,1021.4400024414062,1028.1600341796875,1002.4000244140625,1009.1199951171875,560.0
2018-07-25,2224.320068359375,2306.639892578125,1434.719970703125,1508.6400146484375,63897.0
2018-07-26,1520.9599609375,1529.135986328125,1320.47998046875,1444.800048828125,13254.0
2018-07-27,1421.280029296875,1671.0400390625,1400.0,1631.8399658203125,5092.0
2018-07-30,1638.56005859375,1758.4000244140625,1468.7679443359375,1681.1199951171875,9389.0
2018-07-31,1686.719970703125,1767.3599853515625,1588.1600341796875,1723.6800537109375,5842.0
2018-08-01,1512.0,1579.199951171875,1456.56005859375,1482.8800048828125,8507.0
2018-08-02,1457.1199951171875,1554.56005859375,1444.239990234375,1529.9200439453125,3380.0
2018-08-03,1520.9599609375,1556.800048828125,1361.9200439453125,1378.719970703125,2492.0
2018-08-06,1398.8800048828125,1430.239990234375,1321.5999755859375,1328.3199462890625,1096.0
2018-08-07,1324.9599609375,1372.0,1268.9599609375,1318.239990234375,1034.0
2018-08-08,1319.3599853515625,1372.0,1300.3199462890625,1337.280029296875,932.0
2018-08-09,1326.0799560546875,1351.5040283203125,1266.719970703125,1268.9599609375,1238.0
2018-08-10,1264.47998046875,1339.52001953125,1260.0,1267.8399658203125,1483.0
2018-08-13,1277.9200439453125,1302.2239990234375,1255.52001953125,1273.43994140625,906.0
2018-08-14,1276.800048828125,1282.4000244140625,1164.800048828125,1167.0400390625,1904.0
2018-08-15,1159.199951171875,1184.511962890625,1114.4000244140625,1126.719970703125,2894.0
2018-08-16,1131.199951171875,1172.6400146484375,1125.5999755859375,1156.9599609375,721.0
2018-08-17,1150.239990234375,1266.719970703125,1131.199951171875,1188.3199462890625,1489.0
2018-08-20,1197.280029296875,1259.887939453125,1134.56005859375,1146.8800048828125,751.0
2018-08-21,1143.52001953125,1230.8800048828125,1128.9599609375,1198.4000244140625,1096.0
2018-08-22,1202.8800048828125,1221.9200439453125,1133.43994140625,1198.4000244140625,1328.0
2018-08-23,1189.43994140625,1198.4000244140625,1124.47998046875,1142.4000244140625,1468.0
2018-08-24,1134.56005859375,1178.239990234375,1097.5999755859375,1120.0,2010.0
2018-08-27,1130.0799560546875,1193.9200439453125,1130.0799560546875,1189.43994140625,465.0
2018-08-28,1192.800048828125,1218.3360595703125,1156.9599609375,1199.52001953125,534.0
2018-08-29,1197.280029296875,1228.6400146484375,1165.9200439453125,1219.6800537109375,1757.0
2018-08-30,1223.0400390625,1324.9599609375,1214.751953125,1292.47998046875,1684.0
2018-08-31,1301.43994140625,1343.887939453125,1284.6400146484375,1324.9599609375,551.0
2018-09-04,1339.52001953125,1500.800048828125,1337.280029296875,1495.199951171875,1613.0
2018-09-05,1484.0,1499.6800537109375,1288.0,1363.0400390625,1363.0
2018-09-06,1359.6800537109375,1359.6800537109375,1288.0,1289.1199951171875,595.0
2018-09-07,1271.199951171875,1337.8399658203125,1236.47998046875,1318.239990234375,489.0
2018-09-10,1321.5999755859375,1390.3680419921875,1321.5999755859375,1375.3599853515625,561.0
2018-09-11,1355.199951171875,1389.3599853515625,1338.511962890625,1368.6400146484375,962.0
2018-09-12,1361.9200439453125,1456.0,1361.9200439453125,1432.47998046875,811.0
2018-09-13,1444.800048828125,1517.5999755859375,1395.52001953125,1444.800048828125,2990.0
2018-09-14,1452.6400146484375,1545.5999755859375,1430.239990234375,1529.9200439453125,933.0
2018-09-17,1518.719970703125,1612.800048828125,1464.9599609375,1561.280029296875,1041.0
2018-09-18,1568.0,1663.199951171875,1542.239990234375,1589.280029296875,1923.0
2018-09-19,1597.1199951171875,1677.760009765625,1509.760009765625,1574.719970703125,1322.0
2018-09-20,1610.56005859375,1736.0,1610.56005859375,1693.43994140625,1986.0
2018-09-21,1684.47998046875,1700.1600341796875,1601.5999755859375,1684.47998046875,3511.0
2018-09-24,1687.8399658203125,1764.0,1639.343994140625,1749.43994140625,1140.0
2018-09-25,1749.43994140625,1836.800048828125,1731.52001953125,1759.52001953125,1151.0
2018-09-26,1758.4000244140625,1865.9200439453125,1758.4000244140625,1769.5999755859375,1437.0
2018-09-27,1785.280029296875,1842.4000244140625,1673.280029296875,1704.6400146484375,1158.0
2018-09-28,1704.6400146484375,1766.239990234375,1682.239990234375,1695.6800537109375,1113.0
2018-10-01,1716.9599609375,1731.52001953125,1530.8160400390625,1562.4000244140625,970.0
2018-10-02,1550.0799560546875,1550.0799560546875,1439.199951171875,1495.199951171875,1317.0
2018-10-03,1506.4000244140625,1564.6400146484375,1478.4000244140625,1520.9599609375,565.0
2018-10-04,1534.4000244140625,1654.239990234375,1470.0,1620.6400146484375,720.0
2018-10-05,1618.4000244140625,1644.6080322265625,1484.0,1513.1199951171875,674.0
2018-10-08,1495.199951171875,1495.199951171875,1394.4000244140625,1432.47998046875,1144.0
2018-10-09,1421.280029296875,1439.199951171875,1352.9599609375,1394.4000244140625,1686.0
2018-10-10,1393.280029296875,1435.280029296875,1262.239990234375,1279.0400390625,1466.0
2018-10-11,1275.6800537109375,1303.4560546875,1198.4000244140625,1243.199951171875,1754.0
2018-10-12,1263.3599853515625,1311.52001953125,1253.280029296875,1271.199951171875,701.0
2018-10-15,1267.8399658203125,1318.239990234375,1246.56005859375,1263.3599853515625,1082.0
2018-10-16,1288.0,1457.6800537109375,1286.8800048828125,1395.52001953125,1324.0
2018-10-17,1394.4000244140625,1437.52001953125,1296.9599609375,1419.0400390625,626.0
2018-10-18,1421.280029296875,1466.751953125,1299.199951171875,1355.199951171875,1061.0
2018-10-19,1344.0,1400.447998046875,1318.239990234375,1333.9200439453125,428.0
2018-10-22,1337.280029296875,1351.280029296875,1188.3199462890625,1235.3599853515625,1110.0
2018-10-23,1235.3599853515625,1305.9200439453125,1235.3599853515625,1288.0,545.0
2018-10-24,1282.4000244140625,1282.4000244140625,1235.3599853515625,1254.4000244140625,914.0
2018-10-25,1264.47998046875,1374.239990234375,1256.6400146484375,1288.0,827.0
2018-10-26,1242.0799560546875,1335.0400390625,1236.47998046875,1308.1600341796875,578.0
2018-10-29,1319.3599853515625,1339.52001953125,1183.8399658203125,1220.800048828125,869.0
2018-10-30,1214.0799560546875,1294.719970703125,1177.1199951171875,1251.0400390625,383.0
2018-10-31,1261.1199951171875,1273.887939453125,1215.199951171875,1238.719970703125,252.0
2018-11-01,1245.43994140625,1388.239990234375,1245.43994140625,1313.760009765625,765.0
2018-11-02,1310.4000244140625,1310.4000244140625,1243.4239501953125,1277.9200439453125,578.0
2018-11-05,1283.52001953125,1351.8399658203125,1271.199951171875,1323.8399658203125,392.0
2018-11-06,1313.760009765625,1348.47998046875,1294.719970703125,1342.8800048828125,1551.0
2018-11-07,1346.239990234375,1352.9599609375,1288.0,1333.9200439453125,413.0
2018-11-08,1319.3599853515625,1424.416015625,1305.9200439453125,1364.1600341796875,721.0
2018-11-09,1350.719970703125,1351.8399658203125,1221.9200439453125,1272.3199462890625,458.0
2018-11-12,1249.9200439453125,1366.4000244140625,1206.239990234375,1265.5999755859375,485.0
2018-11-13,1294.719970703125,1443.6800537109375,1209.5999755859375,1236.47998046875,795.0
2018-11-14,1232.0,1366.7359619140625,1232.0,1313.760009765625,407.0
2018-11-15,1311.52001953125,1477.280029296875,1277.9200439453125,1423.52001953125,643.0
2018-11-16,1407.8399658203125,1488.47998046875,1389.9200439453125,1472.800048828125,751.0
2018-11-19,1444.800048828125,1519.8399658203125,1379.8399658203125,1404.47998046875,360.0
2018-11-20,1375.3599853515625,1456.0,1294.719970703125,1367.52001953125,517.0
2018-11-21,1380.9599609375,1497.43994140625,1323.8399658203125,1408.9599609375,696.0
2018-11-23,1394.4000244140625,1508.6400146484375,1361.9200439453125,1452.6400146484375,269.0
2018-11-26,1460.47998046875,1534.4000244140625,1294.719970703125,1508.6400146484375,479.0
2018-11-27,1463.8399658203125,1525.43994140625,1422.4000244140625,1497.43994140625,241.0
2018-11-28,1500.800048828125,1573.5999755859375,1429.1199951171875,1503.0400390625,668.0
2018-11-29,1476.1600341796875,1526.56005859375,1407.280029296875,1470.56005859375,538.0
2018-11-30,1463.8399658203125,1500.800048828125,1422.4000244140625,1462.719970703125,454.0
2018-12-03,1490.719970703125,1490.719970703125,1428.0,1460.47998046875,417.0
2018-12-04,1459.3599853515625,1459.3599853515625,1312.6400146484375,1324.9599609375,471.0
2018-12-06,1283.52001953125,1442.56005859375,1277.9200439453125,1410.0799560546875,383.0
2018-12-07,1408.9599609375,1480.6400146484375,1321.5999755859375,1350.719970703125,199.0
2018-12-10,1328.3199462890625,1473.9200439453125,1324.2879638671875,1411.199951171875,429.0
2018-12-11,1423.52001953125,1466.6400146484375,1364.0479736328125,1414.56005859375,500.0
2018-12-12,1422.4000244140625,1506.4000244140625,1379.280029296875,1471.6800537109375,905.0
2018-12-13,1489.5999755859375,1519.8399658203125,1415.2320556640625,1500.800048828125,979.0
2018-12-14,1500.800048828125,1512.0,1345.1199951171875,1379.8399658203125,916.0
2018-12-17,1386.56005859375,1412.3199462890625,1192.800048828125,1215.199951171875,942.0
2018-12-18,1217.43994140625,1223.0400390625,1113.280029296875,1126.719970703125,1144.0
2018-12-19,1130.0799560546875,1255.52001953125,1025.9200439453125,1077.43994140625,1796.0
2018-12-20,1075.199951171875,1111.0400390625,986.719970703125,1008.0,2407.0
2018-12-21,1003.52001953125,1008.0,860.1599731445312,899.3599853515625,5336.0
2018-12-24,881.4400024414062,953.1199951171875,852.3200073242188,900.47998046875,458.0
2018-12-26,906.0800170898438,906.0800170898438,816.47998046875,892.6400146484375,2040.0
2018-12-27,864.6400146484375,965.4400024414062,843.3599853515625,958.719970703125,1245.0
2018-12-28,950.8800048828125,1003.52001953125,936.3200073242188,985.5999755859375,601.0
2018-12-31,1022.5599975585938,1022.5599975585938,903.1680297851562,965.4400024414062,806.0
2019-01-02,936.3200073242188,1010.239990234375,901.5999755859375,996.7999877929688,592.0
2019-01-03,995.6799926757812,995.6799926757812,906.0800170898438,928.47998046875,361.0
2019-01-04,947.52001953125,994.5599975585938,929.5999755859375,983.3599853515625,328.0
2019-01-07,994.5599975585938,1029.280029296875,953.1199951171875,997.9199829101562,403.0
2019-01-08,1011.3599853515625,1011.3599853515625,890.4000244140625,949.760009765625,386.0
2019-01-09,960.9600219726562,1008.0,944.1599731445312,968.7999877929688,245.0
2019-01-10,962.0800170898438,994.5599975585938,899.3599853515625,927.3599853515625,593.0
2019-01-11,928.47998046875,945.280029296875,897.1199951171875,910.5599975585938,331.0
2019-01-14,900.47998046875,949.760009765625,882.5599975585938,898.239990234375,774.0
2019-01-15,901.5999755859375,939.6799926757812,885.9199829101562,904.9600219726562,1404.0
2019-01-16,916.1599731445312,921.6480102539062,896.0,906.0800170898438,176.0
2019-01-17,900.47998046875,929.4879760742188,896.0,901.5999755859375,308.0
2019-01-18,906.0800170898438,988.9600219726562,898.239990234375,966.5599975585938,480.0
2019-01-22,966.5599975585938,976.6400146484375,918.9600219726562,930.719970703125,429.0
2019-01-23,943.0399780273438,980.0,907.2000122070312,924.0,755.0
2019-01-24,947.52001953125,949.760009765625,850.0800170898438,880.3200073242188,525.0
2019-01-25,875.8400268554688,940.7999877929688,868.0,927.3599853515625,888.0
2019-01-28,927.3599853515625,955.3599853515625,894.3200073242188,950.8800048828125,314.0
2019-01-29,910.5599975585938,974.4000244140625,898.239990234375,915.0399780273438,326.0
2019-01-30,918.4000244140625,1008.0,901.5999755859375,997.9199829101562,759.0
2019-01-31,1006.8800048828125,1048.3199462890625,969.9199829101562,994.5599975585938,1424.0
2019-02-01,1011.3599853515625,1031.072021484375,955.3599853515625,965.4400024414062,479.0
2019-02-04,957.5999755859375,967.6799926757812,896.0,897.1199951171875,854.0
2019-02-05,908.3200073242188,941.9199829101562,818.719970703125,872.47998046875,947.0
2019-02-06,879.2000122070312,884.7999877929688,856.7999877929688,869.1199951171875,460.0
2019-02-07,868.0,949.2000122070312,868.0,936.3200073242188,389.0
2019-02-08,943.0399780273438,992.4320068359375,937.4400024414062,948.6400146484375,318.0
2019-02-11,958.719970703125,978.8800048828125,889.280029296875,904.9600219726562,479.0
2019-02-12,917.280029296875,991.0880126953125,885.9199829101562,902.719970703125,507.0
2019-02-13,907.2000122070312,939.6799926757812,903.8400268554688,939.6799926757812,188.0
2019-02-14,934.0800170898438,941.9199829101562,868.0,893.760009765625,438.0
2019-02-15,899.3599853515625,938.5599975585938,882.5599975585938,898.239990234375,232.0
2019-02-19,901.5999755859375,940.7999877929688,901.5999755859375,931.8400268554688,157.0
2019-02-20,944.1599731445312,944.1599731445312,887.0399780273438,899.3599853515625,450.0
2019-02-21,902.719970703125,940.7999877929688,865.760009765625,899.3599853515625,871.0
2019-02-22,896.0,920.6400146484375,873.5999755859375,902.719970703125,763.0
2019-02-25,916.1599731445312,963.2000122070312,892.6400146484375,897.1199951171875,506.0
2019-02-26,893.760009765625,935.2000122070312,893.760009765625,926.239990234375,169.0
2019-02-27,929.5999755859375,967.6799926757812,913.9199829101562,955.3599853515625,196.0
2019-02-28,953.1199951171875,978.8800048828125,932.9600219726562,958.719970703125,282.0
2019-03-01,967.6799926757812,987.8400268554688,954.239990234375,982.239990234375,429.0
2019-03-04,992.3200073242188,1001.9520263671875,956.47998046875,982.239990234375,317.0
2019-03-05,990.0800170898438,996.239990234375,960.9600219726562,960.9600219726562,226.0
2019-03-06,934.0800170898438,952.0,884.7999877929688,912.7999877929688,479.0
2019-03-07,917.280029296875,927.3599853515625,884.7999877929688,894.8800048828125,132.0
2019-03-08,924.0,958.719970703125,891.52001953125,920.6400146484375,688.0
2019-03-11,930.719970703125,1004.6400146484375,896.0,991.2000122070312,346.0
2019-03-12,996.7999877929688,999.0399780273438,912.7999877929688,924.0,412.0
2019-03-13,936.3200073242188,969.9199829101562,929.5999755859375,964.3200073242188,148.0
2019-03-14,950.8800048828125,986.719970703125,950.8800048828125,971.0399780273438,139.0
2019-03-15,977.760009765625,1018.0800170898438,941.583984375,981.1199951171875,521.0
2019-03-18,1037.1199951171875,1120.0,924.0,1013.5999755859375,1102.0
2019-03-19,929.5999755859375,929.5999755859375,750.4000244140625,781.760009765625,5376.0
2019-03-20,823.2000122070312,842.239990234375,695.52001953125,708.9600219726562,16563.0
2019-03-21,710.0800170898438,739.2000122070312,708.9600219726562,721.280029296875,3621.0
2019-03-22,733.5999755859375,767.2000122070312,715.6799926757812,724.6400146484375,2726.0
2019-03-25,716.7999877929688,756.3359985351562,712.656005859375,726.8800048828125,2691.0
2019-03-26,758.239990234375,777.280029296875,728.0,767.2000122070312,1983.0
2019-03-27,805.280029296875,805.280029296875,759.3599853515625,786.239990234375,4513.0
2019-03-28,789.5999755859375,795.2000122070312,752.6400146484375,786.239990234375,2042.0
2019-03-29,787.3599853515625,801.3599853515625,747.0399780273438,763.8400268554688,4644.0
2019-04-01,734.719970703125,782.8800048828125,728.5599975585938,778.4000244140625,2858.0
2019-04-02,778.4000244140625,781.760009765625,756.0,778.4000244140625,1471.0
2019-04-03,782.8800048828125,782.8800048828125,752.6400146484375,777.280029296875,1079.0
2019-04-04,773.9199829101562,777.9520263671875,756.0,775.0399780273438,1278.0
2019-04-05,777.280029296875,780.6400146484375,769.4400024414062,779.52001953125,1141.0
2019-04-08,781.760009765625,782.8800048828125,772.7999877929688,779.52001953125,1506.0
2019-04-09,779.52001953125,781.760009765625,760.47998046875,780.6400146484375,3716.0
2019-04-10,781.760009765625,842.239990234375,761.5999755859375,836.6400146484375,2146.0
2019-04-11,845.5999755859375,852.8800048828125,781.760009765625,817.5999755859375,1548.0
2019-04-12,823.2000122070312,884.7999877929688,800.7999877929688,874.719970703125,919.0
2019-04-15,881.4400024414062,881.4400024414062,792.9600219726562,803.0399780273438,1222.0
2019-04-16,818.719970703125,828.7999877929688,784.0,813.1199951171875,1096.0
2019-04-17,820.9600219726562,824.3200073242188,779.968017578125,786.239990234375,1737.0
2019-04-18,788.47998046875,790.719970703125,739.2000122070312,752.6400146484375,1243.0
2019-04-22,757.1199951171875,759.3599853515625,708.9600219726562,728.0,1586.0
2019-04-23,728.0,800.7999877929688,728.0,788.47998046875,1162.0
2019-04-24,788.47998046875,864.6400146484375,788.47998046875,860.1599731445312,2115.0
2019-04-25,846.719970703125,852.2080078125,832.1599731445312,844.47998046875,1278.0
2019-04-26,846.719970703125,871.3599853515625,818.719970703125,870.239990234375,1347.0
2019-04-29,868.0,953.6799926757812,851.2000122070312,930.719970703125,1951.0
2019-04-30,936.3200073242188,939.4559936523438,864.6400146484375,901.5999755859375,1180.0
2019-05-01,902.719970703125,922.8800048828125,868.0,900.47998046875,585.0
2019-05-02,896.0,904.9600219726562,864.5280151367188,904.9600219726562,487.0
2019-05-03,909.4400024414062,935.2000122070312,899.3599853515625,913.9199829101562,682.0
2019-05-06,879.2000122070312,928.47998046875,879.2000122070312,911.6799926757812,1111.0
2019-05-07,898.239990234375,915.0399780273438,868.0,896.0,771.0
2019-05-08,894.8800048828125,949.760009765625,892.6400146484375,894.8800048828125,778.0
2019-05-09,884.7999877929688,996.7999877929688,870.3519897460938,975.52001953125,1121.0
2019-05-10,977.760009765625,994.5599975585938,907.2000122070312,984.47998046875,1334.0
2019-05-13,963.2000122070312,968.7999877929688,884.3519897460938,904.9600219726562,855.0
2019-05-14,889.280029296875,932.9600219726562,889.280029296875,910.5599975585938,638.0
2019-05-15,900.47998046875,932.9600219726562,860.1599731445312,888.1599731445312,1184.0
2019-05-16,884.7999877929688,920.6400146484375,862.4000244140625,904.9600219726562,639.0
2019-05-17,893.760009765625,912.7999877929688,862.4000244140625,882.5599975585938,388.0
2019-05-20,882.5599975585938,947.52001953125,862.4000244140625,909.4400024414062,1485.0
2019-05-21,908.3200073242188,929.5999755859375,878.0800170898438,904.9600219726562,613.0
2019-05-22,899.3599853515625,925.1199951171875,808.6400146484375,851.2000122070312,996.0
2019-05-23,838.8800048828125,838.8800048828125,809.760009765625,833.280029296875,360.0
2019-05-24,836.6400146484375,885.9199829101562,834.4000244140625,855.6799926757812,301.0
2019-05-28,859.0399780273438,908.3200073242188,822.0800170898438,840.0,548.0
2019-05-29,832.1599731445312,893.760009765625,832.1599731445312,879.2000122070312,519.0
2019-05-30,884.7999877929688,894.8800048828125,817.5999755859375,847.8400268554688,1023.0
2019-05-31,831.0399780273438,833.280029296875,776.1599731445312,807.52001953125,833.0
2019-06-03,799.6799926757812,807.52001953125,767.2000122070312,780.6400146484375,783.0
2019-06-04,798.5599975585938,812.0,770.5599975585938,791.8400268554688,583.0
2019-06-05,833.280029296875,840.0,787.9199829101562,832.1599731445312,783.0
2019-06-06,835.52001953125,927.3599853515625,834.4000244140625,896.0,668.0
2019-06-07,910.5599975585938,1006.8800048828125,903.8400268554688,984.47998046875,2509.0
2019-06-10,985.5999755859375,1042.719970703125,945.280029296875,987.8400268554688,2745.0
2019-06-11,1004.6400146484375,1038.800048828125,917.280029296875,934.0800170898438,932.0
2019-06-12,937.4400024414062,1003.52001953125,929.5999755859375,996.7999877929688,627.0
2019-06-13,1015.8400268554688,1030.4000244140625,971.0399780273438,1013.5999755859375,769.0
2019-06-14,975.52001953125,1028.1600341796875,975.52001953125,1002.4000244140625,597.0
2019-06-17,1009.1199951171875,1083.7120361328125,1009.1199951171875,1058.4000244140625,1333.0
2019-06-18,1068.47998046875,1108.800048828125,996.7999877929688,1041.5999755859375,1380.0
2019-06-19,1056.1600341796875,1159.199951171875,1056.1600341796875,1143.52001953125,1994.0
2019-06-20,1174.8800048828125,1232.0,1139.0400390625,1178.239990234375,1404.0
2019-06-21,1177.1199951171875,1186.0799560546875,1108.800048828125,1159.199951171875,2733.0
2019-06-24,1153.5999755859375,1196.4959716796875,1117.760009765625,1131.199951171875,1030.0
2019-06-25,1132.3199462890625,1168.1600341796875,1109.9200439453125,1117.760009765625,1085.0
2019-06-26,1122.239990234375,1170.176025390625,1092.0,1109.9200439453125,948.0
2019-06-27,1120.0,1180.47998046875,1106.56005859375,1148.0,1300.0
2019-06-28,1164.800048828125,1181.0400390625,1130.0799560546875,1142.4000244140625,8114.0
2019-07-01,1170.4000244140625,1200.6400146484375,1137.9200439453125,1152.47998046875,944.0
2019-07-02,1172.6400146484375,1172.6400146484375,1123.3599853515625,1151.3599853515625,573.0
2019-07-03,1154.719970703125,1166.927978515625,1139.0400390625,1151.3599853515625,341.0
2019-07-05,1152.47998046875,1168.1600341796875,1136.800048828125,1150.239990234375,843.0
2019-07-08,1160.3199462890625,1169.280029296875,1118.8800048828125,1136.800048828125,1111.0
2019-07-09,1130.0799560546875,1141.280029296875,1070.719970703125,1090.8800048828125,1062.0
2019-07-10,1104.3199462890625,1118.8800048828125,1069.823974609375,1092.0,1222.0
2019-07-11,1099.8399658203125,1123.3599853515625,1049.43994140625,1075.199951171875,1396.0
2019-07-12,1084.1600341796875,1140.1600341796875,1066.239990234375,1103.199951171875,1173.0
2019-07-15,1121.1199951171875,1181.5999755859375,1107.6800537109375,1163.6800537109375,1864.0
2019-07-16,1173.760009765625,1181.5999755859375,1122.239990234375,1149.1199951171875,1339.0
2019-07-17,1140.1600341796875,1210.0479736328125,1132.3199462890625,1163.6800537109375,2709.0
2019-07-18,1172.6400146484375,1220.800048828125,1151.3599853515625,1161.43994140625,1723.0
2019-07-19,1162.56005859375,1207.248046875,1090.8800048828125,1121.1199951171875,1631.0
2019-07-22,1141.280029296875,1266.719970703125,1141.280029296875,1256.6400146484375,2303.0
2019-07-23,1300.3199462890625,1339.52001953125,1176.0,1282.4000244140625,3613.0
2019-07-24,1283.52001953125,1285.760009765625,1178.239990234375,1206.239990234375,2997.0
2019-07-25,1217.43994140625,1217.43994140625,1105.43994140625,1107.6800537109375,3096.0
2019-07-26,1112.1600341796875,1160.3199462890625,1036.0,1064.0,1878.0
2019-07-29,1070.719970703125,1190.89599609375,1070.719970703125,1179.3599853515625,2318.0
2019-07-30,1181.5999755859375,1238.1600341796875,1181.5999755859375,1230.8800048828125,2489.0
2019-07-31,1242.0799560546875,1272.3199462890625,1209.5999755859375,1218.56005859375,2121.0
2019-08-01,1232.0,1246.3360595703125,1146.8800048828125,1193.9200439453125,1379.0
2019-08-02,1192.800048828125,1227.52001953125,1128.9599609375,1155.8399658203125,1569.0
2019-08-05,1160.3199462890625,1173.760009765625,1057.72802734375,1096.47998046875,2215.0
2019-08-06,1104.3199462890625,1104.3199462890625,1033.760009765625,1095.3599853515625,978.0
2019-08-07,1080.800048828125,1146.8800048828125,1066.239990234375,1109.9200439453125,821.0
2019-08-08,1116.6400146484375,1141.280029296875,1081.9200439453125,1107.6800537109375,630.0
2019-08-09,1109.9200439453125,1114.4000244140625,1064.0,1072.9599609375,1179.0
2019-08-12,1069.5999755859375,1084.4959716796875,1034.8800048828125,1038.239990234375,1021.0
2019-08-13,1037.1199951171875,1109.9200439453125,1033.760009765625,1092.0,762.0
2019-08-14,1069.5999755859375,1149.008056640625,1043.8399658203125,1046.0799560546875,1640.0
2019-08-15,1062.8800048828125,1148.0,1050.56005859375,1103.199951171875,1004.0
2019-08-16,1112.1600341796875,1152.47998046875,1081.9200439453125,1121.1199951171875,1475.0
2019-08-19,1136.800048828125,1151.3599853515625,1120.0,1131.199951171875,1085.0
2019-08-20,1125.5999755859375,1149.1199951171875,1108.35205078125,1131.199951171875,741.0
2019-08-21,1142.4000244140625,1230.8800048828125,1140.1600341796875,1209.5999755859375,1278.0
2019-08-22,1221.9200439453125,1232.0,1142.4000244140625,1189.43994140625,1158.0
2019-08-23,1189.43994140625,1192.800048828125,1103.199951171875,1120.0,757.0
2019-08-26,1128.9599609375,1128.9599609375,1086.4000244140625,1109.9200439453125,637.0
2019-08-27,1108.800048828125,1125.0400390625,1064.0,1075.199951171875,545.0
2019-08-28,1068.47998046875,1121.1199951171875,1060.5279541015625,1083.0400390625,733.0
2019-08-29,1107.6800537109375,1138.14404296875,1075.199951171875,1086.4000244140625,692.0
2019-08-30,1089.760009765625,1089.760009765625,1044.4000244140625,1077.43994140625,897.0
2019-09-03,1055.0400390625,1075.199951171875,1036.0,1048.3199462890625,688.0
2019-09-04,1059.52001953125,1088.6400146484375,1036.0,1084.1600341796875,2396.0
2019-09-05,1097.5999755859375,1123.9200439453125,1086.4000244140625,1116.6400146484375,1221.0
2019-09-06,1120.0,1124.47998046875,1088.6400146484375,1098.719970703125,620.0
2019-09-09,1120.0,1125.5999755859375,1092.3360595703125,1107.6800537109375,1186.0
2019-09-10,1103.199951171875,1121.1199951171875,1098.719970703125,1112.1600341796875,1103.0
2019-09-11,1117.760009765625,1131.199951171875,1093.1199951171875,1116.6400146484375,1848.0
2019-09-12,1115.52001953125,1153.5999755859375,1099.8399658203125,1135.6800537109375,976.0
2019-09-13,1142.4000244140625,1173.199951171875,1132.3199462890625,1149.1199951171875,1146.0
2019-09-16,1135.6800537109375,1176.0,1125.5999755859375,1169.280029296875,2087.0
2019-09-17,1168.1600341796875,1174.8800048828125,1118.8800048828125,1128.9599609375,597.0
2019-09-18,1124.47998046875,1125.1519775390625,1076.3199462890625,1084.1600341796875,631.0
2019-09-19,1088.6400146484375,1111.0400390625,1071.8399658203125,1094.239990234375,542.0
2019-09-20,1089.760009765625,1111.0400390625,1069.5999755859375,1084.1600341796875,925.0
2019-09-23,1077.43994140625,1084.9439697265625,1036.0,1052.800048828125,1041.0
2019-09-24,1052.800048828125,1059.52001953125,1008.0,1013.5999755859375,1284.0
2019-09-25,1014.719970703125,1040.47998046875,1008.0,1030.4000244140625,568.0
2019-09-26,1031.52001953125,1056.1600341796875,1008.0,1012.47998046875,663.0
2019-09-27,1019.2000122070312,1047.199951171875,957.5999755859375,974.4000244140625,844.0
2019-09-30,974.4000244140625,1006.8800048828125,964.3200073242188,990.0800170898438,918.0
2019-10-01,1012.47998046875,1028.1600341796875,936.3200073242188,938.5599975585938,754.0
2019-10-02,936.3200073242188,946.4000244140625,875.8400268554688,916.1599731445312,1254.0
2019-10-03,920.6400146484375,945.280029296875,897.1199951171875,939.6799926757812,408.0
2019-10-04,949.760009765625,994.5599975585938,901.5999755859375,919.52001953125,887.0
2019-10-07,920.6400146484375,945.280029296875,907.2000122070312,917.280029296875,1017.0
2019-10-08,904.9600219726562,913.9199829101562,853.4400024414062,866.8800048828125,1315.0
2019-10-09,873.5999755859375,887.0399780273438,778.4000244140625,796.3200073242188,1107.0
2019-10-10,796.3200073242188,825.4400024414062,796.3200073242188,819.8400268554688,566.0
2019-10-11,831.0399780273438,887.0399780273438,809.760009765625,815.3599853515625,946.0
2019-10-14,817.5999755859375,860.1599731445312,781.760009765625,784.0,1204.0
2019-10-15,788.47998046875,834.4000244140625,754.8800048828125,773.9199829101562,1915.0
2019-10-16,776.1599731445312,788.47998046875,756.0,775.0399780273438,980.0
2019-10-17,778.4000244140625,805.280029296875,761.5999755859375,767.2000122070312,1902.0
2019-10-18,763.8400268554688,815.3599853515625,752.6400146484375,782.8800048828125,882.0
2019-10-21,798.5599975585938,822.416015625,776.1599731445312,791.8400268554688,1527.0
2019-10-22,791.8400268554688,807.52001953125,717.9199829101562,752.6400146484375,2041.0
2019-10-23,753.760009765625,799.6799926757812,740.3200073242188,788.47998046875,2011.0
2019-10-24,807.52001953125,812.0,738.0800170898438,763.8400268554688,2636.0
2019-10-25,757.1199951171875,797.4400024414062,742.5599975585938,764.9600219726562,2671.0
2019-10-28,778.4000244140625,795.2000122070312,747.0399780273438,780.6400146484375,2004.0
2019-10-29,784.0,815.3599853515625,770.5599975585938,787.3599853515625,3177.0
2019-10-30,787.3599853515625,835.6320190429688,784.0,799.6799926757812,2641.0
2019-10-31,803.0399780273438,827.6799926757812,792.9600219726562,812.0,2158.0
2019-11-01,818.719970703125,889.280029296875,818.719970703125,879.2000122070312,1218.0
2019-11-04,901.5999755859375,943.0399780273438,871.9199829101562,912.7999877929688,2647.0
2019-11-05,916.1599731445312,929.823974609375,824.4320068359375,847.8400268554688,2086.0
2019-11-06,846.719970703125,878.0800170898438,840.0,864.6400146484375,1478.0
2019-11-07,881.4400024414062,939.6799926757812,878.0800170898438,918.4000244140625,1670.0
2019-11-08,929.5999755859375,994.5599975585938,918.4000244140625,974.4000244140625,2122.0
2019-11-11,999.0399780273438,1002.4000244140625,940.7999877929688,994.5599975585938,2478.0
2019-11-12,1006.8800048828125,1089.760009765625,994.5599975585938,1038.239990234375,5782.0
2019-11-13,1048.3199462890625,1106.56005859375,910.5599975585938,941.9199829101562,4657.0
2019-11-14,929.5999755859375,933.8560180664062,872.5919799804688,890.4000244140625,2096.0
2019-11-15,181.44000244140625,215.0399932861328,105.27999877929688,122.08000183105469,233081.0
2019-11-18,128.8000030517578,140.0,122.08000183105469,127.68000030517578,54489.0
2019-11-19,123.19999694824219,125.44000244140625,115.36000061035156,124.31999969482422,26492.0
2019-11-20,120.95999908447266,124.31999969482422,114.23999786376953,119.83999633789062,15802.0
2019-11-21,120.95999908447266,125.44000244140625,116.4800033569336,120.95999908447266,13529.0
2019-11-22,122.08000183105469,137.75999450683594,118.72000122070312,135.52000427246094,37685.0
2019-11-25,136.63999938964844,153.44000244140625,134.39999389648438,143.36000061035156,33017.0
2019-11-26,144.47999572753906,145.60000610351562,132.16000366210938,137.75999450683594,14579.0
2019-11-27,138.8800048828125,141.1199951171875,124.31999969482422,135.52000427246094,12070.0
2019-11-29,133.27999877929688,137.75999450683594,131.0399932861328,134.39999389648438,5421.0
2019-12-02,133.27999877929688,142.24000549316406,129.9199981689453,140.0,9399.0
2019-12-03,134.39999389648438,140.0,132.16000366210938,133.27999877929688,7828.0
2019-12-04,133.27999877929688,137.75999450683594,127.68000030517578,132.16000366210938,9586.0
2019-12-05,131.0399932861328,136.63999938964844,127.68000030517578,135.52000427246094,13044.0
2019-12-06,136.63999938964844,146.49600219726562,134.39999389648438,142.24000549316406,13274.0
2019-12-09,143.36000061035156,145.60000610351562,138.8800048828125,144.47999572753906,7504.0
2019-12-10,143.36000061035156,146.72000122070312,138.8800048828125,138.8800048828125,10804.0
2019-12-11,138.8800048828125,141.1199951171875,136.63999938964844,140.0,4635.0
2019-12-12,140.0,142.24000549316406,136.63999938964844,138.8800048828125,8726.0
2019-12-13,138.8800048828125,141.1199951171875,135.52000427246094,137.75999450683594,6965.0
2019-12-16,137.75999450683594,141.5679931640625,129.9199981689453,130.47999572753906,10963.0
2019-12-17,131.0399932861328,131.0399932861328,124.31999969482422,127.68000030517578,13204.0
2019-12-18,126.55999755859375,134.39999389648438,126.55999755859375,132.16000366210938,120567.0
2019-12-19,132.16000366210938,138.8800048828125,128.8000030517578,138.8800048828125,10972.0
2019-12-20,138.8800048828125,145.60000610351562,132.16000366210938,145.60000610351562,17193.0
2019-12-23,146.72000122070312,165.75999450683594,142.24000549316406,154.55999755859375,31173.0
2019-12-24,159.0399932861328,159.0399932861328,150.0800018310547,156.8000030517578,12488.0
2019-12-26,161.27999877929688,161.27999877929688,145.60000610351562,148.9600067138672,12609.0
2019-12-27,148.9600067138672,152.32000732421875,146.72000122070312,147.83999633789062,6471.0
2019-12-30,146.72000122070312,151.1999969482422,142.24000549316406,150.0800018310547,11398.0
2019-12-31,170.24000549316406,170.8000030517578,153.44000244140625,166.8800048828125,43821.0
2020-01-02,166.8800048828125,168.0,157.9199981689453,157.9199981689453,18167.0
2020-01-03,160.16000366210938,164.63999938964844,157.9199981689453,163.52000427246094,13768.0
2020-01-06,163.52000427246094,164.63999938964844,159.0399932861328,163.52000427246094,10177.0
2020-01-07,163.52000427246094,163.52000427246094,159.0399932861328,162.39999389648438,8840.0
2020-01-08,161.27999877929688,162.39999389648438,153.44000244140625,157.9199981689453,8518.0
2020-01-09,157.9199981689453,166.8800048828125,153.44000244140625,165.75999450683594,11510.0
2020-01-10,165.75999450683594,197.1199951171875,161.27999877929688,190.39999389648438,48393.0
2020-01-13,188.16000366210938,189.27999877929688,170.24000549316406,175.83999633789062,26085.0
2020-01-14,175.83999633789062,176.9600067138672,156.8000030517578,166.8800048828125,16174.0
2020-01-15,165.75999450683594,179.1999969482422,165.75999450683594,170.24000549316406,9088.0
2020-01-16,171.36000061035156,173.60000610351562,166.8800048828125,168.0,9206.0
2020-01-17,171.36000061035156,172.47999572753906,163.52000427246094,163.52000427246094,27796.0
2020-01-21,166.8800048828125,176.9600067138672,164.63999938964844,166.8800048828125,21054.0
2020-01-22,170.24000549316406,174.83200073242188,162.39999389648438,165.75999450683594,22795.0
2020-01-23,168.0,168.78399658203125,162.39999389648438,163.52000427246094,15627.0
2020-01-24,166.8800048828125,166.8800048828125,155.67999267578125,157.9199981689453,25007.0
2020-01-27,156.8000030517578,163.52000427246094,148.9600067138672,153.44000244140625,24990.0
2020-01-28,157.9199981689453,160.16000366210938,152.32000732421875,157.9199981689453,11336.0
2020-01-29,155.67999267578125,157.9199981689453,147.83999633789062,147.83999633789062,12064.0
2020-01-30,148.9600067138672,150.0800018310547,141.1199951171875,143.36000061035156,13396.0
2020-01-31,145.60000610351562,156.8000030517578,144.47999572753906,154.55999755859375,11963.0
2020-02-03,152.32000732421875,160.16000366210938,151.1999969482422,156.8000030517578,7685.0
2020-02-04,156.8000030517578,159.0399932861328,147.83999633789062,151.1999969482422,8122.0
2020-02-05,150.0800018310547,156.8000030517578,150.0800018310547,153.44000244140625,4548.0
2020-02-06,155.67999267578125,166.8800048828125,155.67999267578125,156.24000549316406,21018.0
2020-02-07,157.9199981689453,160.16000366210938,153.44000244140625,156.8000030517578,8029.0
2020-02-10,156.8000030517578,158.5919952392578,153.44000244140625,154.55999755859375,4391.0
2020-02-11,154.55999755859375,157.9199981689453,153.44000244140625,155.67999267578125,3640.0
2020-02-12,156.8000030517578,162.39999389648438,155.67999267578125,156.8000030517578,4511.0
2020-02-13,156.8000030517578,159.0399932861328,153.44000244140625,154.55999755859375,4809.0
2020-02-14,153.44000244140625,154.55999755859375,148.9600067138672,151.1999969482422,6703.0
2020-02-18,151.1999969482422,151.1999969482422,147.83999633789062,148.9600067138672,4545.0
2020-02-19,155.67999267578125,171.36000061035156,152.32000732421875,164.63999938964844,35347.0
2020-02-20,164.63999938964844,166.8800048828125,157.9199981689453,163.52000427246094,9030.0
2020-02-21,162.39999389648438,173.60000610351562,161.27999877929688,170.24000549316406,14584.0
2020-02-24,163.52000427246094,181.44000244140625,160.16000366210938,169.1199951171875,12038.0
2020-02-25,170.24000549316406,177.52000427246094,160.16000366210938,164.63999938964844,9079.0
2020-02-26,163.52000427246094,168.89599609375,159.0399932861328,162.39999389648438,7344.0
2020-02-27,160.16000366210938,161.27999877929688,146.72000122070312,152.32000732421875,16259.0
2020-02-28,151.1999969482422,157.9199981689453,148.9600067138672,155.67999267578125,9133.0
2020-03-02,155.67999267578125,165.75999450683594,151.1999969482422,159.0399932861328,5064.0
2020-03-03,161.27999877929688,164.63999938964844,157.9199981689453,160.16000366210938,3748.0
2020-03-04,161.27999877929688,164.63999938964844,158.47999572753906,161.27999877929688,4655.0
2020-03-05,157.9199981689453,164.63999938964844,153.44000244140625,154.55999755859375,6596.0
2020-03-06,153.44000244140625,156.8000030517578,147.83999633789062,151.1999969482422,11558.0
2020-03-09,146.72000122070312,146.72000122070312,132.16000366210938,141.1199951171875,17302.0
2020-03-10,144.47999572753906,146.72000122070312,134.39999389648438,138.8800048828125,9498.0
2020-03-11,137.75999450683594,138.8800048828125,126.55999755859375,131.0399932861328,8293.0
2020-03-12,113.12000274658203,128.8000030517578,113.12000274658203,118.72000122070312,9137.0
2020-03-13,118.72000122070312,125.44000244140625,111.44000244140625,119.83999633789062,7413.0
2020-03-16,110.99199676513672,119.83999633789062,106.73600006103516,107.5199966430664,5518.0
2020-03-17,108.63999938964844,117.5999984741211,106.51200103759766,108.63999938964844,4321.0
2020-03-18,108.63999938964844,108.63999938964844,97.44000244140625,97.88800048828125,6579.0
2020-03-19,97.7760009765625,112.0,96.31999969482422,107.0719985961914,3864.0
2020-03-20,108.19200134277344,117.5999984741211,107.5199966430664,108.63999938964844,4107.0
2020-03-23,109.53600311279297,116.4800033569336,106.51200103759766,108.63999938964844,1723.0
2020-03-24,114.23999786376953,118.72000122070312,112.0,117.5999984741211,9997.0
2020-03-25,116.4800033569336,127.68000030517578,115.36000061035156,122.08000183105469,3591.0
2020-03-26,122.08000183105469,126.55999755859375,113.12000274658203,117.5999984741211,2759.0
2020-03-27,112.0,125.44000244140625,110.87999725341797,116.4800033569336,2688.0
2020-03-30,118.72000122070312,122.08000183105469,115.36000061035156,122.08000183105469,1654.0
2020-03-31,119.83999633789062,125.44000244140625,113.12000274658203,115.36000061035156,5311.0
2020-04-01,115.36000061035156,120.95999908447266,113.12000274658203,113.12000274658203,2615.0
2020-04-02,115.36000061035156,118.72000122070312,110.76799774169922,118.72000122070312,3082.0
2020-04-03,115.36000061035156,119.83999633789062,108.63999938964844,115.36000061035156,3807.0
2020-04-06,115.36000061035156,120.95999908447266,115.36000061035156,118.72000122070312,3384.0
2020-04-07,118.72000122070312,119.83999633789062,113.68000030517578,114.23999786376953,2417.0
2020-04-08,115.36000061035156,124.31999969482422,113.12000274658203,123.19999694824219,3768.0
2020-04-09,122.08000183105469,125.44000244140625,118.72000122070312,123.19999694824219,2047.0
2020-04-13,123.19999694824219,128.8000030517578,119.83999633789062,127.12000274658203,3588.0
2020-04-14,128.8000030517578,136.63999938964844,128.8000030517578,134.39999389648438,6289.0
2020-04-15,128.8000030517578,134.39999389648438,123.19999694824219,129.9199981689453,1950.0
2020-04-16,131.0399932861328,132.16000366210938,125.44000244140625,128.8000030517578,1864.0
2020-04-17,132.16000366210938,136.63999938964844,125.44000244140625,132.16000366210938,3323.0
2020-04-20,133.27999877929688,148.9600067138672,129.9199981689453,134.39999389648438,5743.0
2020-04-21,136.63999938964844,137.75999450683594,125.44000244140625,128.8000030517578,3604.0
2020-04-22,128.8000030517578,133.27999877929688,124.31999969482422,128.8000030517578,1915.0
2020-04-23,131.0399932861328,133.83999633789062,128.8000030517578,131.0399932861328,1579.0
2020-04-24,133.27999877929688,135.52000427246094,126.55999755859375,128.8000030517578,3373.0
2020-04-27,128.8000030517578,138.8800048828125,127.68000030517578,138.8800048828125,2840.0
2020-04-28,138.8800048828125,140.0,132.16000366210938,136.63999938964844,2027.0
2020-04-29,175.83999633789062,176.9600067138672,152.32000732421875,172.47999572753906,127344.0
2020-04-30,168.0,176.9600067138672,153.44000244140625,171.36000061035156,25507.0
2020-05-01,168.0,173.60000610351562,158.70399475097656,168.0,10058.0
2020-05-04,162.39999389648438,173.60000610351562,157.9199981689453,170.24000549316406,6667.0
2020-05-05,176.9600067138672,203.83999633789062,174.72000122070312,191.52000427246094,48240.0
2020-05-06,193.75999450683594,199.36000061035156,182.55999755859375,196.0,10906.0
2020-05-07,196.0,196.0,183.67999267578125,193.75999450683594,10628.0
2020-05-08,189.27999877929688,221.75999450683594,185.9199981689453,213.9199981689453,40333.0
2020-05-11,213.9199981689453,217.61599731445312,206.0800018310547,215.0399932861328,13613.0
2020-05-12,217.27999877929688,249.75999450683594,210.55999755859375,216.16000366210938,40960.0
2020-05-13,217.27999877929688,226.8000030517578,190.39999389648438,204.9600067138672,20500.0
2020-05-14,206.0800018310547,218.39999389648438,199.36000061035156,215.0399932861328,7669.0
2020-05-15,213.9199981689453,217.27999877929688,207.1999969482422,217.27999877929688,5619.0
2020-05-18,219.52000427246094,225.67999267578125,212.8000030517578,216.16000366210938,6027.0
2020-05-19,213.9199981689453,220.63999938964844,211.67999267578125,219.52000427246094,5757.0
2020-05-20,218.39999389648438,222.32000732421875,215.0399932861328,219.52000427246094,7276.0
2020-05-21,219.52000427246094,237.44000244140625,212.8000030517578,227.36000061035156,10432.0
2020-05-22,227.36000061035156,238.55999755859375,213.9199981689453,235.1999969482422,10233.0
2020-05-26,243.0399932861328,265.44000244140625,238.55999755859375,255.36000061035156,20408.0
2020-05-27,259.8399963378906,262.0799865722656,228.47999572753906,235.1999969482422,11149.0
2020-05-28,253.1199951171875,278.8800048828125,235.1999969482422,247.52000427246094,57872.0
2020-05-29,247.52000427246094,254.46400451660156,219.52000427246094,243.0399932861328,25159.0
2020-06-01,244.16000366210938,244.16000366210938,222.8800048828125,226.24000549316406,7003.0
2020-06-02,224.0,232.9600067138672,215.15199279785156,224.0,9776.0
2020-06-03,230.72000122070312,257.6000061035156,228.47999572753906,249.75999450683594,17441.0
2020-06-04,254.24000549316406,263.20001220703125,232.9600067138672,239.1199951171875,12240.0
2020-06-05,240.8000030517578,247.52000427246094,229.60000610351562,244.16000366210938,7057.0
2020-06-08,244.16000366210938,260.9599914550781,237.44000244140625,249.75999450683594,6863.0
2020-06-09,253.1199951171875,274.3999938964844,250.8800048828125,268.79998779296875,13890.0
2020-06-10,273.2799987792969,278.8800048828125,249.75999450683594,252.0,7428.0
2020-06-11,244.16000366210938,249.31199645996094,221.8719940185547,228.47999572753906,12430.0
2020-06-12,231.83999633789062,241.36000061035156,222.8800048828125,234.0800018310547,7346.0
2020-06-15,229.60000610351562,252.0,215.0399932861328,244.16000366210938,6554.0
2020-06-16,252.0,255.36000061035156,234.63999938964844,241.9199981689453,6141.0
2020-06-17,247.52000427246094,247.52000427246094,236.32000732421875,243.60000610351562,3101.0
2020-06-18,241.9199981689453,241.9199981689453,228.47999572753906,238.55999755859375,5000.0
2020-06-19,237.44000244140625,246.39999389648438,234.0800018310547,235.1999969482422,6773.0
2020-06-22,237.44000244140625,249.75999450683594,227.9199981689453,246.39999389648438,5155.0
2020-06-23,249.75999450683594,271.0400085449219,249.08799743652344,259.8399963378906,11946.0
2020-06-24,256.4800109863281,265.44000244140625,231.83999633789062,237.44000244140625,7778.0
2020-06-25,239.67999267578125,244.16000366210938,230.72000122070312,239.67999267578125,7602.0
2020-06-26,237.44000244140625,246.39999389648438,230.60800170898438,244.16000366210938,21779.0
2020-06-29,246.39999389648438,257.6000061035156,232.9600067138672,238.55999755859375,5030.0
2020-06-30,236.32000732421875,241.9199981689453,230.72000122070312,240.8000030517578,4154.0
2020-07-01,239.67999267578125,244.16000366210938,225.67999267578125,230.72000122070312,7320.0
2020-07-02,239.67999267578125,263.20001220703125,229.60000610351562,258.7200012207031,22844.0
2020-07-06,286.7200012207031,293.44000244140625,258.7200012207031,278.8800048828125,25723.0
2020-07-07,268.79998779296875,275.5199890136719,248.63999938964844,258.7200012207031,9911.0
2020-07-08,252.0,267.67999267578125,250.8800048828125,258.7200012207031,6090.0
2020-07-09,260.9599914550781,269.24798583984375,255.36000061035156,258.7200012207031,5355.0
2020-07-10,258.7200012207031,281.1199951171875,253.67999267578125,274.3999938964844,11178.0
2020-07-13,277.760009765625,278.8800048828125,254.24000549316406,257.6000061035156,8527.0
2020-07-14,259.8399963378906,263.20001220703125,245.27999877929688,254.24000549316406,5038.0
2020-07-15,255.36000061035156,268.79998779296875,252.0,263.20001220703125,3765.0
2020-07-16,263.20001220703125,282.239990234375,258.7200012207031,278.8800048828125,7953.0
2020-07-17,282.239990234375,347.20001220703125,280.0,334.8800048828125,39296.0
2020-07-20,340.4800109863281,341.4880065917969,288.9599914550781,294.55999755859375,18625.0
2020-07-21,302.5119934082031,323.67999267578125,297.9200134277344,313.6000061035156,7754.0
2020-07-22,306.8800048828125,312.4800109863281,288.9599914550781,289.5199890136719,5121.0
2020-07-23,294.55999755859375,303.5199890136719,269.9200134277344,275.5199890136719,7231.0
2020-07-24,274.3999938964844,284.4800109863281,265.44000244140625,281.1199951171875,3895.0
2020-07-27,290.0799865722656,290.6400146484375,280.0,282.239990234375,5953.0
2020-07-28,306.8800048828125,308.0,252.0,265.44000244140625,29039.0
2020-07-29,266.55999755859375,278.8800048828125,260.9599914550781,277.760009765625,7988.0
2020-07-30,268.79998779296875,310.79998779296875,262.0799865722656,304.6400146484375,10588.0
2020-07-31,308.0,319.20001220703125,274.3999938964844,278.8800048828125,9150.0
2020-08-03,281.1199951171875,288.9599914550781,278.8800048828125,284.4800109863281,3961.0
2020-08-04,285.6000061035156,301.2799987792969,281.1199951171875,290.0799865722656,4221.0
2020-08-05,291.20001220703125,302.3999938964844,286.7200012207031,290.0799865722656,4938.0
2020-08-06,292.32000732421875,295.5679931640625,280.0,281.1199951171875,3545.0
2020-08-07,280.0,284.4800109863281,271.0400085449219,274.3999938964844,2785.0
2020-08-10,277.760009765625,297.9200134277344,274.3999938964844,290.0799865722656,6370.0
2020-08-11,290.0799865722656,290.0799865722656,266.55999755859375,266.55999755859375,5488.0
2020-08-12,268.79998779296875,272.1600036621094,248.0800018310547,258.7200012207031,7236.0
2020-08-13,258.7200012207031,266.55999755859375,253.1199951171875,255.36000061035156,2505.0
2020-08-14,256.4800109863281,259.8399963378906,249.75999450683594,258.7200012207031,2611.0
2020-08-17,263.20001220703125,263.20001220703125,248.63999938964844,252.0,2882.0
2020-08-18,255.36000061035156,264.32000732421875,249.75999450683594,249.75999450683594,2232.0
2020-08-19,249.75999450683594,256.4800109863281,241.9199981689453,243.0399932861328,3474.0
2020-08-20,240.8000030517578,257.6000061035156,240.8000030517578,254.24000549316406,2235.0
2020-08-21,257.6000061035156,262.0799865722656,239.67999267578125,245.27999877929688,2798.0
2020-08-24,243.0399932861328,244.16000366210938,226.24000549316406,232.9600067138672,4563.0
2020-08-25,227.36000061035156,236.32000732421875,226.24000549316406,229.60000610351562,2838.0
2020-08-26,230.72000122070312,247.52000427246094,226.24000549316406,240.8000030517578,1898.0
2020-08-27,241.9199981689453,244.04800415039062,226.24000549316406,229.60000610351562,1355.0
2020-08-28,227.36000061035156,238.55999755859375,227.36000061035156,229.60000610351562,2182.0
2020-08-31,229.60000610351562,257.6000061035156,229.60000610351562,255.36000061035156,5435.0
2020-09-01,256.4800109863281,257.6000061035156,235.1999969482422,238.55999755859375,2484.0
2020-09-02,237.44000244140625,246.39999389648438,234.0800018310547,243.0399932861328,1680.0
2020-09-03,244.16000366210938,246.39999389648438,229.0399932861328,232.9600067138672,2144.0
2020-09-04,230.72000122070312,232.9600067138672,210.78399658203125,224.0,4050.0
2020-09-08,224.0,230.72000122070312,215.0399932861328,220.63999938964844,1977.0
2020-09-09,224.0,240.8000030517578,224.0,234.0800018310547,2053.0
2020-09-10,236.32000732421875,244.16000366210938,227.36000061035156,236.32000732421875,1542.0
2020-09-11,238.55999755859375,245.27999877929688,230.72000122070312,240.8000030517578,1888.0
2020-09-14,239.67999267578125,267.67999267578125,239.67999267578125,265.44000244140625,6387.0
2020-09-15,266.55999755859375,275.5199890136719,247.52000427246094,255.36000061035156,7631.0
2020-09-16,256.0,257.44000244140625,232.9600067138672,246.39999389648438,6356.0
2020-09-17,239.67999267578125,259.20001220703125,237.52000427246094,257.760009765625,5663.0
2020-09-18,267.0400085449219,342.3999938964844,256.0,342.3999938964844,23681.0
2020-09-21,284.32000732421875,302.239990234375,206.72000122070312,215.67999267578125,42175.0
2020-09-22,212.8000030517578,212.8000030517578,161.60000610351562,162.8000030517578,54100.0
2020-09-23,200.16000366210938,238.8800048828125,177.60000610351562,180.32000732421875,99975.0
2020-09-24,177.60000610351562,179.67999267578125,163.1999969482422,168.8000030517578,13606.0
2020-09-25,171.0399932861328,182.46400451660156,171.0399932861328,177.27999877929688,8256.0
2020-09-28,179.83999633789062,179.83999633789062,168.47999572753906,169.1199951171875,15138.0
2020-09-29,169.44000244140625,203.36000061035156,169.36000061035156,200.47999572753906,9756.0
2020-09-30,205.1199951171875,205.1199951171875,187.1999969482422,190.24000549316406,5263.0
2020-10-01,192.0,200.0,190.24000549316406,196.0,2913.0
2020-10-02,186.8800048828125,196.9600067138672,185.1199951171875,190.24000549316406,4463.0
2020-10-05,193.27999877929688,197.27999877929688,190.72000122070312,192.47999572753906,2000.0
2020-10-06,196.47999572753906,199.0399932861328,192.0,194.24000549316406,1894.0
2020-10-07,195.52000427246094,204.32000732421875,191.4080047607422,202.55999755859375,1956.0
2020-10-08,206.72000122070312,207.67999267578125,197.9199981689453,202.24000549316406,1275.0
2020-10-09,206.8800048828125,223.36000061035156,206.72000122070312,219.52000427246094,3650.0
2020-10-12,219.52000427246094,229.60000610351562,216.63999938964844,218.55999755859375,3906.0
2020-10-13,220.47999572753906,227.83999633789062,217.23199462890625,224.0,13756.0
2020-10-14,225.60000610351562,240.0,214.39999389648438,216.16000366210938,4231.0
2020-10-15,210.8800048828125,218.8800048828125,205.60000610351562,208.63999938964844,2875.0
2020-10-16,225.1199951171875,227.1999969482422,213.60000610351562,216.32000732421875,1988.0
2020-10-19,216.47999572753906,220.0,211.67999267578125,213.60000610351562,1619.0
2020-10-20,212.63999938964844,214.76800537109375,207.00799560546875,210.8800048828125,2031.0
2020-10-21,210.8800048828125,212.9600067138672,205.75999450683594,209.60000610351562,1631.0
2020-10-22,217.60000610351562,221.27999877929688,201.1199951171875,205.75999450683594,1981.0
2020-10-23,208.0,213.8560028076172,194.46400451660156,199.83999633789062,4681.0
2020-10-26,199.83999633789062,199.83999633789062,180.24000549316406,191.67999267578125,4319.0
2020-10-27,202.24000549316406,202.24000549316406,192.32000732421875,195.67999267578125,2288.0
2020-10-28,190.39999389648438,194.39999389648438,177.26400756835938,180.32000732421875,2294.0
2020-10-29,180.9600067138672,193.9199981689453,176.94400024414062,186.72000122070312,1075.0
2020-10-30,185.44000244140625,191.60000610351562,169.9199981689453,171.52000427246094,2806.0
2020-11-02,173.60000610351562,175.6959991455078,155.36000061035156,165.75999450683594,4413.0
2020-11-03,169.1199951171875,176.16000366210938,166.72000122070312,172.16000366210938,2431.0
2020-11-04,188.0,188.0,179.0399932861328,180.0,3619.0
2020-11-05,183.67999267578125,192.8000030517578,181.27999877929688,190.72000122070312,2506.0
2020-11-06,190.0800018310547,192.8000030517578,179.1840057373047,190.55999755859375,3106.0
2020-11-09,192.8000030517578,193.44000244140625,176.32000732421875,176.8000030517578,2294.0
2020-11-10,179.1999969482422,197.60000610351562,177.8719940185547,196.47999572753906,4088.0
2020-11-11,198.24000549316406,200.5760040283203,185.75999450683594,191.36000061035156,2438.0
2020-11-12,190.55999755859375,199.67999267578125,188.16000366210938,199.67999267578125,1913.0
2020-11-13,200.8000030517578,215.1999969482422,200.8000030517578,212.8000030517578,2481.0
2020-11-16,215.1999969482422,216.0,198.49600219726562,201.1199951171875,2638.0
2020-11-17,199.52000427246094,213.44000244140625,196.63999938964844,212.47999572753906,1513.0
2020-11-18,192.8000030517578,210.72000122070312,192.8000030517578,200.9600067138672,3663.0
2020-11-19,204.8000030517578,208.32000732421875,189.1199951171875,196.0,2863.0
2020-11-20,196.0,205.1199951171875,188.63999938964844,204.8000030517578,1706.0
2020-11-23,205.44000244140625,211.1999969482422,199.83999633789062,202.55999755859375,2444.0
2020-11-24,206.55999755859375,206.72000122070312,195.50399780273438,202.55999755859375,1850.0
2020-11-25,193.9199981689453,201.72799682617188,192.16000366210938,194.55999755859375,1863.0
2020-11-27,195.67999267578125,201.44000244140625,195.67999267578125,198.8800048828125,1263.0
2020-11-30,198.8800048828125,200.60800170898438,192.0,197.27999877929688,2669.0
2020-12-01,197.1199951171875,197.1199951171875,187.1999969482422,192.0,2494.0
2020-12-02,189.60000610351562,193.60000610351562,183.52000427246094,192.8000030517578,1675.0
2020-12-03,191.67999267578125,214.24000549316406,186.55999755859375,214.24000549316406,3819.0
2020-12-04,214.0800018310547,223.83999633789062,205.27999877929688,220.16000366210938,5675.0
2020-12-07,220.8000030517578,220.8000030517578,205.52000427246094,208.63999938964844,2825.0
2020-12-08,166.24000549316406,215.1999969482422,166.24000549316406,213.60000610351562,6238.0
2020-12-09,215.52000427246094,215.52000427246094,203.67999267578125,205.9199981689453,3256.0
2020-12-10,206.8800048828125,212.63999938964844,197.60000610351562,201.75999450683594,2394.0
2020-12-11,197.9199981689453,209.1199951171875,196.47999572753906,200.9600067138672,5850.0
2020-12-14,201.27999877929688,210.0800018310547,201.27999877929688,207.67999267578125,3225.0
2020-12-15,208.16000366210938,215.0399932861328,206.39999389648438,211.83999633789062,3431.0
2020-12-16,210.39999389648438,223.67999267578125,209.44000244140625,223.1999969482422,6394.0
2020-12-17,222.8800048828125,237.60000610351562,220.8000030517578,236.32000732421875,14575.0
2020-12-18,237.60000610351562,246.0800018310547,228.32000732421875,231.67999267578125,10456.0
2020-12-21,219.36000061035156,238.8800048828125,211.52000427246094,222.55999755859375,11475.0
2020-12-22,220.8000030517578,235.44000244140625,214.39999389648438,233.60000610351562,10544.0
2020-12-23,232.0,238.55999755859375,220.32000732421875,228.9600067138672,6663.0
2020-12-24,224.32000732421875,231.0399932861328,222.72000122070312,229.60000610351562,850.0
2020-12-28,231.0399932861328,235.67999267578125,226.8800048828125,229.44000244140625,1631.0
2020-12-29,230.55999755859375,230.55999755859375,216.0,218.55999755859375,2094.0
2020-12-30,217.44000244140625,226.24000549316406,216.63999938964844,225.44000244140625,2238.0
2020-12-31,225.27999877929688,225.27999877929688,211.1999969482422,224.8000030517578,3306.0
2021-01-04,224.9600067138672,229.1199951171875,208.9600067138672,214.72000122070312,3856.0
2021-01-05,212.16000366210938,223.36000061035156,209.60000610351562,216.8000030517578,1938.0
2021-01-06,220.47999572753906,225.27999877929688,218.16000366210938,224.32000732421875,2400.0
2021-01-07,224.9600067138672,228.9600067138672,223.52000427246094,224.9600067138672,2156.0
2021-01-08,225.27999877929688,225.60000610351562,215.52000427246094,219.52000427246094,2969.0
2021-01-11,216.0,224.47999572753906,215.67999267578125,220.32000732421875,3169.0
2021-01-12,221.9199981689453,222.8800048828125,212.16000366210938,216.16000366210938,2950.0
2021-01-13,216.0,221.1199951171875,208.47999572753906,212.32000732421875,3544.0
2021-01-14,215.83999633789062,216.47999572753906,208.8000030517578,214.72000122070312,2081.0
2021-01-15,214.39999389648438,215.0399932861328,206.55999755859375,209.60000610351562,1606.0
2021-01-19,210.24000549316406,216.0,202.8800048828125,215.83999633789062,3363.0
2021-01-20,222.0800018310547,242.9600067138672,222.0800018310547,231.0399932861328,10013.0
2021-01-21,230.39999389648438,238.72000122070312,215.44000244140625,232.0,5881.0
2021-01-22,232.0,235.1999969482422,222.39999389648438,232.63999938964844,2644.0
2021-01-25,236.16000366210938,240.0,225.07200622558594,235.1999969482422,2200.0
2021-01-26,234.55999755859375,239.52000427246094,220.9600067138672,222.8800048828125,3406.0
2021-01-27,216.9600067138672,222.8800048828125,203.10400390625,208.9600067138672,3338.0
2021-01-28,213.75999450683594,216.0,198.55999755859375,198.55999755859375,3663.0
2021-01-29,203.1999969482422,209.95199584960938,192.8000030517578,196.8000030517578,4869.0
2021-02-01,201.75999450683594,204.83200073242188,192.8000030517578,193.9199981689453,4431.0
2021-02-02,198.0800018310547,207.44000244140625,195.1999969482422,195.1999969482422,3356.0
2021-02-03,198.55999755859375,207.1199951171875,195.67999267578125,197.9199981689453,2894.0
2021-02-04,195.0399932861328,201.75999450683594,193.36000061035156,200.63999938964844,4563.0
2021-02-05,201.75999450683594,211.67999267578125,194.0800018310547,202.72000122070312,5994.0
2021-02-08,202.72000122070312,225.27999877929688,202.72000122070312,223.52000427246094,6094.0
2021-02-09,225.9199981689453,226.55999755859375,215.6320037841797,219.0399932861328,2581.0
2021-02-10,232.0,284.79998779296875,225.44000244140625,267.20001220703125,98000.0
2021-02-11,258.7200012207031,280.7200012207031,240.8000030517578,274.7200012207031,18044.0
2021-02-12,276.1600036621094,276.1600036621094,245.60000610351562,269.1199951171875,12000.0
2021-02-16,269.1199951171875,274.7200012207031,260.32000732421875,268.0,17038.0
2021-02-17,268.0,269.1199951171875,248.47999572753906,257.760009765625,19756.0
2021-02-18,256.0,264.0,224.16000366210938,252.8000030517578,26256.0
2021-02-19,256.79998779296875,262.0799865722656,244.8000030517578,257.9200134277344,5844.0
2021-02-22,258.7200012207031,273.9200134277344,253.67999267578125,260.4800109863281,9563.0
2021-02-23,255.83999633789062,255.83999633789062,228.32000732421875,251.36000061035156,14294.0
2021-02-24,251.52000427246094,270.239990234375,248.9600067138672,262.3999938964844,5388.0
2021-02-25,261.44000244140625,270.239990234375,247.52000427246094,252.0,5594.0
2021-02-26,253.60000610351562,253.60000610351562,236.32000732421875,244.9600067138672,13650.0
2021-03-01,244.9600067138672,254.0800018310547,233.9199981689453,249.60000610351562,7575.0
2021-03-02,247.52000427246094,252.63999938964844,241.9199981689453,252.0,10656.0
2021-03-03,249.1199951171875,256.0,236.9600067138672,249.44000244140625,12338.0
2021-03-04,247.0399932861328,250.8800048828125,218.0800018310547,220.63999938964844,12706.0
2021-03-05,224.0,224.0,200.32000732421875,219.1999969482422,9000.0
2021-03-08,216.8000030517578,233.36000061035156,212.8000030517578,225.75999450683594,4769.0
2021-03-09,231.67999267578125,240.0,229.27999877929688,236.32000732421875,8563.0
2021-03-10,240.0,245.3280029296875,227.36000061035156,237.67999267578125,4706.0
2021-03-11,237.9199981689453,244.8000030517578,226.0800018310547,226.0800018310547,14569.0
2021-03-12,224.0,239.1999969482422,216.32000732421875,236.16000366210938,5894.0
2021-03-15,237.44000244140625,268.0,227.1840057373047,265.6000061035156,9281.0
2021-03-16,256.32000732421875,256.32000732421875,231.60000610351562,252.47999572753906,14031.0
2021-03-17,251.36000061035156,256.0,238.39999389648438,243.0399932861328,14169.0
2021-03-18,237.27999877929688,242.72000122070312,229.27999877929688,232.8000030517578,11588.0
2021-03-19,229.9199981689453,241.44000244140625,224.63999938964844,232.63999938964844,30625.0
2021-03-22,238.0800018310547,239.83999633789062,227.52000427246094,235.36000061035156,9863.0
2021-03-23,232.8000030517578,235.52000427246094,223.0399932861328,229.9199981689453,11288.0
2021-03-24,229.60000610351562,232.16000366210938,214.8800048828125,217.60000610351562,4369.0
2021-03-25,217.27999877929688,217.27999877929688,205.60000610351562,208.0,6244.0
2021-03-26,207.67999267578125,216.32000732421875,203.0399932861328,210.24000549316406,5406.0
2021-03-29,209.60000610351562,210.24000549316406,196.9600067138672,202.55999755859375,5706.0
2021-03-30,200.32000732421875,217.9199981689453,187.36000061035156,208.32000732421875,14369.0
2021-03-31,210.55999755859375,216.9600067138672,203.1999969482422,209.27999877929688,10669.0
2021-04-01,210.0800018310547,219.83999633789062,202.47999572753906,209.75999450683594,7469.0
2021-04-05,209.27999877929688,215.36000061035156,201.1199951171875,204.32000732421875,8119.0
2021-04-06,204.63999938964844,213.75999450683594,201.9199981689453,208.16000366210938,5519.0
2021-04-07,207.52000427246094,212.47999572753906,203.0399932861328,205.9199981689453,5644.0
2021-04-08,224.47999572753906,224.47999572753906,204.63999938964844,206.0800018310547,9394.0
2021-04-09,204.16000366210938,216.8000030517578,201.75999450683594,211.0399932861328,4756.0
2021-04-12,210.72000122070312,210.72000122070312,203.36000061035156,205.44000244140625,3669.0
2021-04-13,205.75999450683594,206.39999389648438,194.8000030517578,203.36000061035156,9550.0
2021-04-14,210.72000122070312,219.83999633789062,206.72000122070312,208.32000732421875,12056.0
2021-04-15,212.0,216.49600219726562,204.0,207.1999969482422,4663.0
2021-04-16,207.67999267578125,207.67999267578125,193.9199981689453,195.83999633789062,3538.0
2021-04-19,198.24000549316406,201.6320037841797,194.39999389648438,195.1999969482422,2913.0
2021-04-20,194.72000122070312,199.27999877929688,188.16000366210938,193.44000244140625,4563.0
2021-04-21,193.1199951171875,207.1999969482422,191.0399932861328,204.47999572753906,4188.0
2021-04-22,206.39999389648438,214.63999938964844,204.32000732421875,209.75999450683594,4288.0
2021-04-23,222.39999389648438,243.67999267578125,221.4080047607422,227.0399932861328,8119.0
2021-04-26,230.72000122070312,254.0800018310547,229.9199981689453,251.0399932861328,9694.0
2021-04-27,251.0399932861328,253.60000610351562,238.39999389648438,241.9199981689453,7094.0
2021-04-28,240.47999572753906,245.1199951171875,231.83999633789062,239.0399932861328,6163.0
2021-04-29,248.0,252.8800048828125,236.32000732421875,252.0,8044.0
2021-04-30,247.36000061035156,258.3999938964844,242.72000122070312,254.8800048828125,5563.0
2021-05-03,256.0,257.6000061035156,236.16000366210938,249.60000610351562,15106.0
2021-05-04,245.44000244140625,248.9600067138672,233.60000610351562,240.16000366210938,7169.0
2021-05-05,240.63999938964844,244.47999572753906,216.16000366210938,218.0800018310547,5875.0
2021-05-06,218.0800018310547,228.9600067138672,212.9600067138672,227.1999969482422,4756.0
2021-05-07,228.16000366210938,237.44000244140625,224.9600067138672,227.83999633789062,4106.0
2021-05-10,225.1199951171875,229.1199951171875,214.0800018310547,214.39999389648438,3819.0
2021-05-11,210.24000549316406,222.39999389648438,210.24000549316406,211.1999969482422,4725.0
2021-05-12,210.55999755859375,221.9199981689453,207.60000610351562,211.0399932861328,3406.0
2021-05-13,210.24000549316406,220.0,200.0,207.36000061035156,6481.0
2021-05-14,206.55999755859375,225.44000244140625,206.55999755859375,214.72000122070312,5613.0
2021-05-17,210.8800048828125,216.16000366210938,202.25599670410156,210.8800048828125,4219.0
2021-05-18,214.8800048828125,229.1199951171875,212.8000030517578,217.9199981689453,5050.0
2021-05-19,212.0,222.24000549316406,202.39999389648438,219.67999267578125,5019.0
2021-05-20,220.47999572753906,233.60000610351562,220.47999572753906,233.60000610351562,3081.0
2021-05-21,240.8000030517578,240.8000030517578,226.72000122070312,231.36000061035156,8669.0
2021-05-24,232.32000732421875,235.36000061035156,220.8000030517578,228.32000732421875,3400.0
2021-05-25,230.8800048828125,230.8800048828125,219.36000061035156,222.24000549316406,4063.0
2021-05-26,219.52000427246094,221.27999877929688,213.1199951171875,220.0,5594.0
2021-05-27,219.1999969482422,219.83999633789062,206.72000122070312,209.9199981689453,4531.0
2021-05-28,210.72000122070312,218.39999389648438,209.6959991455078,214.72000122070312,3550.0
2021-06-01,213.9199981689453,214.0800018310547,196.8000030517578,198.24000549316406,7456.0
2021-06-02,198.55999755859375,209.9199981689453,196.9600067138672,199.52000427246094,5194.0
2021-06-03,196.9600067138672,205.1999969482422,184.9600067138672,195.83999633789062,11575.0
2021-06-04,198.0800018310547,198.63999938964844,191.1999969482422,196.32000732421875,5119.0
2021-06-07,196.9600067138672,196.9600067138672,182.72000122070312,184.16000366210938,14569.0
2021-06-08,184.32000732421875,192.47999572753906,183.1999969482422,192.0,8988.0
2021-06-09,192.0,202.24000549316406,192.0,196.47999572753906,5963.0
2021-06-10,198.72000122070312,201.1199951171875,186.72000122070312,190.55999755859375,5213.0
2021-06-11,189.44000244140625,192.9600067138672,186.55999755859375,188.0,4106.0
2021-06-14,187.36000061035156,191.36000061035156,185.9199981689453,188.32000732421875,5294.0
2021-06-15,187.1999969482422,187.1999969482422,171.52000427246094,175.52000427246094,7750.0
2021-06-16,173.44000244140625,175.60000610351562,165.27999877929688,166.39999389648438,15100.0
2021-06-17,168.32000732421875,170.55999755859375,164.32000732421875,167.83999633789062,10163.0
2021-06-18,164.8000030517578,169.67999267578125,160.8000030517578,168.63999938964844,29913.0
2021-06-21,168.63999938964844,170.63999938964844,157.21600341796875,164.47999572753906,17713.0
2021-06-22,162.8800048828125,164.63999938964844,150.55999755859375,151.0399932861328,13669.0
2021-06-23,153.44000244140625,155.1999969482422,145.1199951171875,147.0399932861328,16644.0
2021-06-24,149.1199951171875,162.8800048828125,149.1199951171875,155.67999267578125,16450.0
2021-06-25,155.52000427246094,166.55999755859375,152.0,155.1999969482422,162519.0
2021-06-28,155.1999969482422,163.0399932861328,151.67999267578125,160.0,15669.0
2021-06-29,159.36000061035156,165.75999450683594,159.36000061035156,161.9199981689453,12044.0
2021-06-30,161.60000610351562,167.58399963378906,159.1999969482422,164.63999938964844,18369.0
2021-07-01,163.83999633789062,166.03199768066406,153.75999450683594,155.1999969482422,7463.0
2021-07-02,155.36000061035156,160.47999572753906,154.39999389648438,158.8800048828125,6231.0
2021-07-06,160.0,162.0800018310547,152.39999389648438,153.27999877929688,6525.0
2021-07-07,153.27999877929688,153.44000244140625,146.24000549316406,147.0399932861328,4931.0
2021-07-08,144.47999572753906,151.83999633789062,139.67999267578125,145.9199981689453,5488.0
2021-07-09,145.9199981689453,149.36000061035156,143.0399932861328,148.0,3438.0
2021-07-12,148.63999938964844,149.1199951171875,142.8800048828125,144.0,6044.0
2021-07-13,142.55999755859375,143.83999633789062,135.1199951171875,136.0,3931.0
2021-07-14,136.16000366210938,140.9600067138672,128.8000030517578,129.9199981689453,5413.0
2021-07-15,129.75999450683594,132.47999572753906,124.80000305175781,127.68000030517578,5519.0
2021-07-16,128.32000732421875,129.9199981689453,122.23999786376953,124.80000305175781,4688.0
2021-07-19,123.19999694824219,128.8000030517578,121.76000213623047,128.32000732421875,5644.0
2021-07-20,129.27999877929688,135.83999633789062,129.27999877929688,134.39999389648438,6025.0
2021-07-21,136.16000366210938,136.16000366210938,127.36000061035156,128.32000732421875,11244.0
2021-07-22,129.44000244140625,138.8800048828125,127.19999694824219,131.1999969482422,7763.0
2021-07-23,130.55999755859375,130.55999755859375,124.91200256347656,130.0800018310547,6800.0
2021-07-26,130.24000549316406,132.0800018310547,120.63999938964844,121.12000274658203,6244.0
2021-07-27,120.4800033569336,122.23999786376953,118.72000122070312,119.83999633789062,7119.0
2021-07-28,118.72000122070312,122.08000183105469,117.5999984741211,121.12000274658203,8150.0
2021-07-29,120.63999938964844,123.04000091552734,117.44000244140625,119.83999633789062,6519.0
2021-07-30,121.44000244140625,124.16000366210938,116.95999908447266,118.4000015258789,12963.0
2021-08-02,118.4000015258789,122.23999786376953,116.80000305175781,117.76000213623047,10206.0
2021-08-03,118.87999725341797,118.87999725341797,111.19999694824219,116.31999969482422,13025.0
2021-08-04,116.95999908447266,118.4000015258789,112.80000305175781,116.0,4394.0
2021-08-05,116.31999969482422,116.31999969482422,112.0,113.91999816894531,5606.0
2021-08-06,112.95999908447266,115.12000274658203,111.19999694824219,111.83999633789062,5538.0
2021-08-09,111.04000091552734,113.5999984741211,109.12000274658203,112.0,14506.0
2021-08-10,113.12000274658203,114.4000015258789,110.55999755859375,113.91999816894531,4000.0
2021-08-11,114.72000122070312,115.04000091552734,108.95999908447266,114.4000015258789,8050.0
2021-08-12,113.44000244140625,115.36000061035156,109.80799865722656,114.08000183105469,4231.0
2021-08-13,116.63999938964844,123.68000030517578,114.55999755859375,123.68000030517578,8481.0
2021-08-16,124.4800033569336,131.1999969482422,112.31999969482422,113.5999984741211,4956.0
2021-08-17,112.31999969482422,118.41600036621094,105.76000213623047,107.68000030517578,8494.0
2021-08-18,106.55999755859375,113.91999816894531,106.2239990234375,107.68000030517578,5738.0
2021-08-19,107.83999633789062,108.0,100.16000366210938,100.63999938964844,5013.0
2021-08-20,100.0,110.87999725341797,100.0,110.72000122070312,6219.0
2021-08-23,110.87999725341797,116.95999908447266,108.95999908447266,116.0,6019.0
2021-08-24,115.19999694824219,117.24800109863281,114.0,116.31999969482422,7519.0
2021-08-25,116.16000366210938,120.63999938964844,116.16000366210938,117.44000244140625,4244.0
2021-08-26,117.5999984741211,124.31999969482422,116.80000305175781,123.19999694824219,5769.0
2021-08-27,123.36000061035156,132.39999389648438,123.19999694824219,129.1199951171875,4844.0
2021-08-30,130.0800018310547,130.8800048828125,125.5999984741211,128.0,4131.0
2021-08-31,127.83999633789062,134.55999755859375,127.83999633789062,133.60000610351562,7213.0
2021-09-01,132.8000030517578,135.36000061035156,128.8000030517578,132.63999938964844,3963.0
2021-09-02,132.63999938964844,137.27999877929688,128.447998046875,133.60000610351562,3919.0
2021-09-03,133.60000610351562,134.0800018310547,125.27999877929688,127.36000061035156,2550.0
2021-09-07,126.4000015258789,128.32000732421875,123.36000061035156,125.5999984741211,4694.0
2021-09-08,127.04000091552734,129.60000610351562,123.19999694824219,127.36000061035156,6663.0
2021-09-09,128.47999572753906,133.1199951171875,124.63999938964844,125.27999877929688,4113.0
2021-09-10,127.68000030517578,127.68000030517578,121.76000213623047,121.76000213623047,2569.0
2021-09-13,123.19999694824219,125.16799926757812,119.68000030517578,119.83999633789062,1013.0
2021-09-14,120.80000305175781,127.04000091552734,115.19999694824219,115.83999633789062,3975.0
2021-09-15,115.36000061035156,117.44000244140625,112.0,112.95999908447266,3550.0
2021-09-16,112.4800033569336,122.4000015258789,111.19999694824219,112.63999938964844,2725.0
2021-09-17,113.27999877929688,116.4800033569336,112.95999908447266,115.04000091552734,5788.0
2021-09-20,114.4000015258789,116.38400268554688,108.0,110.23999786376953,6819.0
2021-09-21,111.04000091552734,114.72000122070312,109.91999816894531,112.80000305175781,2813.0
2021-09-22,112.80000305175781,113.69599914550781,111.36000061035156,112.16000366210938,2213.0
2021-09-23,112.31999969482422,118.23999786376953,112.16000366210938,116.4800033569336,2875.0
2021-09-24,117.12000274658203,126.23999786376953,116.0,121.5999984741211,10663.0
2021-09-27,120.95999908447266,128.0,117.91999816894531,124.63999938964844,22081.0
2021-09-28,126.23999786376953,134.72000122070312,124.95999908447266,133.75999450683594,8006.0
2021-09-29,134.24000549316406,134.8000030517578,125.27999877929688,128.63999938964844,4794.0
2021-09-30,129.75999450683594,129.75999450683594,123.68000030517578,125.44000244140625,2881.0
2021-10-01,124.95999908447266,130.0800018310547,123.68000030517578,130.0800018310547,2738.0
2021-10-04,129.44000244140625,132.32000732421875,123.19999694824219,130.55999755859375,4150.0
2021-10-05,131.1999969482422,131.1999969482422,116.16000366210938,120.0,5769.0
2021-10-06,117.76000213623047,118.87999725341797,114.55999755859375,117.91999816894531,4219.0
2021-10-07,118.23999786376953,124.0,114.08000183105469,121.5999984741211,3956.0
2021-10-08,121.44000244140625,121.44000244140625,116.14399719238281,117.91999816894531,2963.0
2021-10-11,118.55999755859375,119.5199966430664,114.72000122070312,118.55999755859375,1563.0
2021-10-12,118.55999755859375,118.72000122070312,116.16000366210938,118.08000183105469,875.0
2021-10-13,115.0719985961914,130.24000549316406,115.0719985961914,128.32000732421875,6919.0
2021-10-14,128.47999572753906,129.60000610351562,125.5999984741211,127.5199966430664,2188.0
2021-10-15,130.24000549316406,132.9600067138672,125.76000213623047,128.63999938964844,5313.0
2021-10-18,125.76000213623047,131.0399932861328,124.80000305175781,125.5999984741211,2781.0
2021-10-19,127.36000061035156,141.1199951171875,125.5999984741211,139.83999633789062,9681.0
2021-10-20,138.55999755859375,140.63999938964844,132.9600067138672,134.8800048828125,3713.0
2021-10-21,135.36000061035156,141.9199981689453,135.1999969482422,136.8000030517578,4594.0
2021-10-22,136.47999572753906,136.47999572753906,128.16000366210938,129.60000610351562,3350.0
2021-10-25,129.44000244140625,129.60000610351562,123.31199645996094,126.08000183105469,2756.0
2021-10-26,125.27999877929688,132.8000030517578,123.27999877929688,131.1999969482422,3150.0
2021-10-27,133.44000244140625,141.9199981689453,129.60000610351562,139.36000061035156,5938.0
2021-10-28,140.0,143.4080047607422,137.27999877929688,139.0399932861328,3625.0
2021-10-29,137.1199951171875,139.52000427246094,133.75999450683594,137.60000610351562,3150.0
2021-11-01,137.75999450683594,146.24000549316406,135.52000427246094,146.0800018310547,3919.0
2021-11-02,147.67999267578125,151.15199279785156,144.47999572753906,148.0,4163.0
2021-11-03,147.52000427246094,149.83999633789062,144.0,148.9600067138672,5369.0
2021-11-04,149.75999450683594,149.75999450683594,145.27999877929688,147.67999267578125,2431.0
2021-11-05,150.0800018310547,150.0800018310547,145.1199951171875,147.1999969482422,2544.0
2021-11-08,149.44000244140625,150.8800048828125,146.0800018310547,149.1199951171875,6975.0
2021-11-09,148.47999572753906,149.60000610351562,145.1199951171875,148.47999572753906,5000.0
2021-11-10,148.63999938964844,153.60000610351562,145.1199951171875,147.0399932861328,41119.0
2021-11-11,146.39999389648438,155.0399932861328,146.39999389648438,153.27999877929688,3069.0
2021-11-12,154.55999755859375,158.0800018310547,151.0399932861328,156.0,2544.0
2021-11-15,155.1999969482422,155.27999877929688,147.52000427246094,149.60000610351562,5531.0
2021-11-16,148.0,151.0399932861328,146.55999755859375,149.9199981689453,2481.0
2021-11-17,149.60000610351562,155.44000244140625,147.36000061035156,150.24000549316406,4856.0
2021-11-18,150.55999755859375,158.0800018310547,145.9199981689453,150.24000549316406,3819.0
2021-11-19,148.9600067138672,151.36000061035156,148.16000366210938,148.9600067138672,2644.0
2021-11-22,149.44000244140625,151.36000061035156,146.72000122070312,149.27999877929688,4456.0
2021-11-23,144.63999938964844,154.0800018310547,144.63999938964844,152.16000366210938,3681.0
2021-11-24,151.36000061035156,158.0800018310547,149.60000610351562,157.60000610351562,7913.0
2021-11-26,153.9199981689453,153.9199981689453,148.63999938964844,150.39999389648438,3238.0
2021-11-29,151.0399932861328,158.55999755859375,150.86399841308594,152.32000732421875,12144.0
2021-11-30,152.63999938964844,172.32000732421875,152.63999938964844,170.24000549316406,16731.0
2021-12-01,171.0399932861328,173.60000610351562,162.8800048828125,162.8800048828125,67413.0
2021-12-02,161.27999877929688,171.1999969482422,156.3679962158203,165.60000610351562,18988.0
2021-12-03,167.1999969482422,167.1999969482422,152.63999938964844,156.8000030517578,17094.0
2021-12-06,218.39999389648438,250.72000122070312,198.39999389648438,217.1199951171875,3038225.0
2021-12-07,211.83999633789062,244.47999572753906,206.0800018310547,231.83999633789062,284794.0
2021-12-08,242.0,252.32000732421875,225.60000610351562,244.63999938964844,299863.0
2021-12-09,238.24000549316406,245.75999450683594,219.67999267578125,219.83999633789062,83775.0
2021-12-10,224.16000366210938,230.24000549316406,218.24000549316406,222.24000549316406,39775.0
2021-12-13,229.60000610351562,241.1199951171875,225.1199951171875,239.83999633789062,28331.0
2021-12-14,236.32000732421875,246.0800018310547,223.1999969482422,228.32000732421875,28244.0
2021-12-15,230.8800048828125,240.0,206.72000122070312,234.0800018310547,65119.0
2021-12-16,227.1999969482422,242.24000549316406,216.47999572753906,227.83999633789062,22000.0
2021-12-17,229.60000610351562,257.760009765625,224.9600067138672,253.60000610351562,56719.0
2021-12-20,248.0,259.5199890136719,233.1199951171875,241.1199951171875,38531.0
2021-12-21,248.16000366210938,265.3599853515625,243.83999633789062,264.1600036621094,27744.0
2021-12-22,257.760009765625,263.8399963378906,246.24000549316406,250.55999755859375,19500.0
2021-12-23,256.1600036621094,262.7200012207031,249.8560028076172,254.72000122070312,12294.0
2021-12-27,252.9600067138672,259.3599853515625,242.39999389648438,248.16000366210938,10475.0
2021-12-28,244.63999938964844,258.6400146484375,244.63999938964844,247.0399932861328,11319.0
2021-12-29,244.32000732421875,258.7200012207031,238.55999755859375,257.1199951171875,11425.0
2021-12-30,253.75999450683594,272.1600036621094,253.75999450683594,264.6400146484375,17431.0
2021-12-31,264.4800109863281,280.0,264.4800109863281,279.8399963378906,21956.0
2022-01-03,284.1600036621094,294.8800048828125,273.9360046386719,293.2799987792969,35344.0
2022-01-04,295.8399963378906,295.8399963378906,264.4800109863281,271.8399963378906,33500.0
2022-01-05,269.1199951171875,278.3999938964844,256.32000732421875,271.67999267578125,28300.0
2022-01-06,269.6000061035156,271.67999267578125,252.47999572753906,256.1600036621094,20569.0
2022-01-07,258.0799865722656,266.3999938964844,244.0,248.32000732421875,15488.0
2022-01-10,242.8800048828125,244.16000366210938,232.63999938964844,236.16000366210938,23063.0
2022-01-11,235.1999969482422,249.60000610351562,235.1999969482422,245.27999877929688,13356.0
2022-01-12,245.27999877929688,249.75999450683594,235.1999969482422,238.72000122070312,12994.0
2022-01-13,241.1199951171875,244.0,226.72000122070312,227.52000427246094,16119.0
2022-01-14,226.24000549316406,234.24000549316406,216.8000030517578,232.9600067138672,27125.0
2022-01-18,230.55999755859375,231.52000427246094,209.36000061035156,210.39999389648438,21694.0
2022-01-19,210.24000549316406,215.60000610351562,205.44000244140625,206.72000122070312,15331.0
2022-01-20,205.27999877929688,219.83999633789062,202.24000549316406,203.0399932861328,9863.0
2022-01-21,201.1199951171875,205.44000244140625,188.47999572753906,190.8800048828125,24550.0
2022-01-24,189.9199981689453,209.1199951171875,178.0800018310547,207.83999633789062,25269.0
2022-01-25,201.75999450683594,210.8800048828125,195.67999267578125,203.0399932861328,8244.0
2022-01-26,209.9199981689453,213.44000244140625,189.75999450683594,191.1999969482422,9494.0
2022-01-27,193.9199981689453,200.24000549316406,183.1999969482422,184.47999572753906,7781.0
2022-01-28,188.47999572753906,190.8800048828125,178.72000122070312,187.0399932861328,14256.0
2022-01-31,187.83999633789062,202.39999389648438,187.83999633789062,201.9199981689453,7388.0
2022-02-01,205.1199951171875,215.52000427246094,196.0,210.24000549316406,14950.0
2022-02-02,209.75999450683594,209.75999450683594,196.16000366210938,200.32000732421875,7419.0
2022-02-03,198.39999389648438,205.1199951171875,192.63999938964844,194.0800018310547,11863.0
2022-02-04,194.0800018310547,204.8800048828125,188.19200134277344,201.75999450683594,9306.0
2022-02-07,203.83999633789062,210.8800048828125,199.67999267578125,207.83999633789062,9644.0
2022-02-08,205.75999450683594,218.8800048828125,202.39999389648438,217.44000244140625,14788.0
2022-02-09,219.1999969482422,241.60000610351562,218.0800018310547,240.8000030517578,20425.0
2022-02-10,237.9199981689453,254.8000030517578,237.9199981689453,248.16000366210938,19594.0
2022-02-11,246.55999755859375,251.83999633789062,242.24000549316406,250.0800018310547,13575.0
2022-02-14,248.63999938964844,251.1999969482422,214.39999389648438,228.32000732421875,62981.0
2022-02-15,231.67999267578125,243.52000427246094,228.16000366210938,241.44000244140625,14781.0
2022-02-16,238.9600067138672,243.52000427246094,231.67999267578125,237.9199981689453,9463.0
2022-02-17,236.0,243.0399932861328,234.24000549316406,234.55999755859375,13494.0
2022-02-18,231.1999969482422,237.44000244140625,217.27999877929688,217.9199981689453,10019.0
2022-02-22,216.0,217.83999633789062,197.9199981689453,202.8800048828125,21663.0
2022-02-23,206.24000549316406,208.9600067138672,193.44000244140625,194.0800018310547,9569.0
2022-02-24,185.1199951171875,214.55999755859375,185.1199951171875,213.27999877929688,9994.0
2022-02-25,213.9199981689453,220.32000732421875,207.83999633789062,219.83999633789062,9438.0
2022-02-28,213.27999877929688,223.36000061035156,208.9600067138672,209.27999877929688,8744.0
2022-03-01,206.55999755859375,213.75999450683594,196.47999572753906,198.55999755859375,10994.0
2022-03-02,199.36000061035156,205.60000610351562,195.36000061035156,201.27999877929688,7319.0
2022-03-03,204.0,205.9199981689453,193.9199981689453,196.9600067138672,9694.0
2022-03-04,201.60000610351562,204.8000030517578,198.55999755859375,200.9600067138672,12575.0
2022-03-07,199.83999633789062,205.60000610351562,193.27999877929688,200.9600067138672,15338.0
2022-03-08,207.52000427246094,216.47999572753906,196.32000732421875,209.1199951171875,12200.0
2022-03-09,213.75999450683594,229.75999450683594,211.67999267578125,229.1199951171875,15619.0
2022-03-10,223.36000061035156,229.60000610351562,217.27999877929688,225.75999450683594,12219.0
2022-03-11,225.75999450683594,230.72000122070312,209.27999877929688,209.75999450683594,6981.0
2022-03-14,212.9600067138672,226.8800048828125,193.75999450683594,196.63999938964844,11319.0
2022-03-15,197.44000244140625,213.60000610351562,197.44000244140625,207.52000427246094,33294.0
2022-03-16,203.36000061035156,255.67999267578125,203.0399932861328,255.0399932861328,126175.0
2022-03-17,249.75999450683594,263.5199890136719,247.67999267578125,259.8399963378906,33369.0
2022-03-18,256.0,264.1600036621094,250.0800018310547,257.6000061035156,75413.0
2022-03-21,254.24000549316406,258.4800109863281,239.0399932861328,241.9199981689453,21400.0
2022-03-22,244.16000366210938,268.79998779296875,244.16000366210938,268.1600036621094,24619.0
2022-03-23,267.67999267578125,269.760009765625,260.1600036621094,264.9599914550781,9263.0
2022-03-24,267.0400085449219,273.760009765625,262.239990234375,273.44000244140625,9925.0
2022-03-25,271.20001220703125,279.67999267578125,268.0799865722656,275.20001220703125,11550.0
2022-03-28,274.7200012207031,283.20001220703125,269.760009765625,272.79998779296875,14538.0
2022-03-29,276.1600036621094,304.79998779296875,273.1199951171875,303.3599853515625,36344.0
2022-03-30,304.0,313.44000244140625,302.239990234375,313.1199951171875,32006.0
2022-03-31,314.239990234375,321.44000244140625,304.6400146484375,319.5199890136719,35688.0
2022-04-01,321.760009765625,336.0,310.8800048828125,332.9599914550781,117488.0
2022-04-04,336.0,338.7200012207031,304.0,316.79998779296875,21956.0
2022-04-05,317.760009765625,326.55999755859375,306.8800048828125,307.5199890136719,16538.0
2022-04-06,301.2799987792969,314.3999938964844,290.3999938964844,310.0799865722656,57000.0
2022-04-07,309.760009765625,313.8399963378906,296.79998779296875,303.8399963378906,16194.0
2022-04-08,304.32000732421875,304.79998779296875,291.5199890136719,291.8399963378906,10925.0
2022-04-11,288.79998779296875,291.5199890136719,272.4800109863281,281.2799987792969,11550.0
2022-04-12,288.1600036621094,288.32000732421875,269.1199951171875,275.5199890136719,20231.0
2022-04-13,278.0799865722656,280.79998779296875,274.55999755859375,279.3599853515625,11650.0
2022-04-14,278.7200012207031,278.7200012207031,267.3599853515625,270.55999755859375,15838.0
2022-04-18,269.6000061035156,273.44000244140625,251.1999969482422,254.39999389648438,15756.0
2022-04-19,255.1999969482422,261.1199951171875,246.72000122070312,254.39999389648438,15681.0
2022-04-20,256.0,256.0,242.8800048828125,245.44000244140625,16775.0
2022-04-21,244.0,249.60000610351562,221.1199951171875,221.60000610351562,30313.0
2022-04-22,221.1199951171875,228.9600067138672,214.72000122070312,222.8800048828125,15656.0
2022-04-25,219.67999267578125,233.1199951171875,219.67999267578125,232.47999572753906,20588.0
2022-04-26,230.8800048828125,231.0399932861328,219.1999969482422,219.52000427246094,9638.0
2022-04-27,219.83999633789062,235.67999267578125,219.83999633789062,234.39999389648438,49088.0
2022-04-28,237.27999877929688,241.10400390625,221.60000610351562,234.39999389648438,32038.0
2022-04-29,232.47999572753906,243.1999969482422,232.0,235.83999633789062,25500.0
2022-05-02,235.36000061035156,246.0800018310547,232.32000732421875,244.63999938964844,55681.0
2022-05-03,245.60000610351562,250.72000122070312,242.24000549316406,248.9600067138672,14950.0
2022-05-04,247.36000061035156,251.1999969482422,235.52000427246094,250.8800048828125,33038.0
2022-05-05,247.52000427246094,256.32000732421875,237.75999450683594,245.44000244140625,40888.0
2022-05-06,243.1999969482422,251.44000244140625,229.44000244140625,240.0,38238.0
2022-05-09,235.36000061035156,235.36000061035156,199.36000061035156,200.47999572753906,41469.0
2022-05-10,204.47999572753906,212.47999572753906,193.60000610351562,194.8800048828125,22038.0
2022-05-11,194.39999389648438,197.27999877929688,173.9199981689453,174.24000549316406,44781.0
2022-05-12,172.16000366210938,174.55999755859375,163.67999267578125,170.0800018310547,45338.0
2022-05-13,187.1999969482422,209.1199951171875,182.8800048828125,189.27999877929688,29106.0
2022-05-16,186.72000122070312,209.44000244140625,186.0800018310547,206.39999389648438,24963.0
2022-05-17,214.39999389648438,214.39999389648438,192.0,197.1199951171875,37481.0
2022-05-18,191.67999267578125,199.83999633789062,171.83999633789062,172.63999938964844,22125.0
2022-05-19,171.0399932861328,176.32000732421875,164.8000030517578,167.0399932861328,19363.0
2022-05-20,174.24000549316406,174.24000549316406,158.0800018310547,169.75999450683594,19238.0
2022-05-23,171.36000061035156,175.0399932861328,168.47999572753906,172.8000030517578,12769.0
2022-05-24,168.47999572753906,169.60000610351562,162.8800048828125,169.27999877929688,18169.0
2022-05-25,167.52000427246094,172.8000030517578,162.0800018310547,164.8000030517578,32944.0
2022-05-26,165.75999450683594,173.60000610351562,163.0399932861328,164.16000366210938,51513.0
2022-05-27,177.75999450683594,188.0,172.32000732421875,188.0,152881.0
2022-05-31,185.9199981689453,190.55999755859375,175.83999633789062,189.1199951171875,68669.0
2022-06-01,189.75999450683594,200.0,180.47999572753906,180.63999938964844,62388.0
2022-06-02,178.72000122070312,189.60000610351562,176.9600067138672,183.83999633789062,28075.0
2022-06-03,181.60000610351562,194.39999389648438,179.83999633789062,184.0,35944.0
2022-06-06,188.32000732421875,206.72000122070312,177.60000610351562,196.16000366210938,206006.0
2022-06-07,195.1999969482422,211.83999633789062,192.32000732421875,211.36000061035156,145850.0
2022-06-08,208.63999938964844,215.83999633789062,203.60000610351562,204.8000030517578,70131.0
2022-06-09,203.83999633789062,205.44000244140625,197.44000244140625,199.83999633789062,50713.0
2022-06-10,195.52000427246094,199.1999969482422,183.52000427246094,190.8800048828125,51050.0
2022-06-13,182.0800018310547,184.8000030517578,178.24000549316406,181.60000610351562,50094.0
2022-06-14,183.1999969482422,185.75999450683594,176.16000366210938,180.63999938964844,71588.0
2022-06-15,181.75999450683594,187.1999969482422,176.32000732421875,181.75999450683594,33256.0
2022-06-16,176.0,178.8800048828125,171.67999267578125,173.27999877929688,50125.0
2022-06-17,174.55999755859375,196.47999572753906,174.55999755859375,187.52000427246094,42344.0
2022-06-21,190.24000549316406,197.75999450683594,188.32000732421875,192.0,36225.0
2022-06-22,190.0800018310547,197.44000244140625,186.39999389648438,189.9199981689453,47338.0
2022-06-23,190.24000549316406,192.63999938964844,182.55999755859375,192.32000732421875,29694.0
2022-06-24,196.32000732421875,219.0399932861328,193.75999450683594,218.0800018310547,49644.0
2022-06-27,221.60000610351562,230.72000122070312,215.67999267578125,229.75999450683594,27006.0
2022-06-28,230.39999389648438,233.1199951171875,220.47999572753906,224.0,27144.0
2022-06-29,221.9199981689453,234.39999389648438,216.3040008544922,233.27999877929688,19731.0
2022-06-30,227.0399932861328,235.36000061035156,225.27999877929688,233.60000610351562,32356.0
2022-07-01,233.60000610351562,239.67999267578125,232.63999938964844,234.8800048828125,18056.0
2022-07-05,232.0,250.55999755859375,232.0,250.39999389648438,23300.0
2022-07-06,250.55999755859375,264.79998779296875,250.55999755859375,262.8800048828125,21194.0
2022-07-07,264.1600036621094,283.67999267578125,264.0799865722656,282.8800048828125,28844.0
2022-07-08,282.55999755859375,298.239990234375,279.3599853515625,297.6000061035156,34956.0
2022-07-11,288.6400146484375,295.67999267578125,266.7200012207031,266.8800048828125,43613.0
2022-07-12,266.3999938964844,278.7200012207031,250.0800018310547,273.760009765625,37469.0
2022-07-13,263.3599853515625,285.1199951171875,262.7200012207031,280.79998779296875,32606.0
2022-07-14,276.32000732421875,286.239990234375,268.9599914550781,277.44000244140625,18531.0
2022-07-15,284.0,291.3599853515625,272.9599914550781,291.0400085449219,22200.0
2022-07-18,298.239990234375,301.6000061035156,264.8800048828125,267.8399963378906,14888.0
2022-07-19,272.0,280.0,270.0799865722656,277.1199951171875,16106.0
2022-07-20,276.4800109863281,286.8800048828125,275.0400085449219,283.5199890136719,14069.0
2022-07-21,285.6000061035156,285.6000061035156,273.2799987792969,275.5199890136719,9338.0
2022-07-22,275.67999267578125,283.0400085449219,272.0,272.79998779296875,14256.0
2022-07-25,272.9599914550781,272.9599914550781,261.44000244140625,266.7200012207031,20044.0
2022-07-26,267.5199890136719,276.1600036621094,260.1600036621094,269.2799987792969,14963.0
2022-07-27,272.6400146484375,276.79998779296875,268.0,275.0400085449219,18331.0
2022-07-28,274.8800048828125,274.8800048828125,259.67999267578125,267.8399963378906,22994.0
2022-07-29,266.3999938964844,271.0400085449219,252.32000732421875,270.239990234375,21006.0
2022-08-01,266.0799865722656,273.2799987792969,260.4800109863281,264.0,28606.0
2022-08-02,264.0,276.32000732421875,262.6400146484375,275.3599853515625,13425.0
2022-08-03,280.0,290.7200012207031,279.67999267578125,280.0,14363.0
2022-08-04,280.79998779296875,293.1199951171875,280.79998779296875,292.0,12256.0
2022-08-05,286.7200012207031,308.8800048828125,281.44000244140625,299.8399963378906,20150.0
2022-08-08,302.0799865722656,308.0,286.0799865722656,290.3999938964844,25688.0
2022-08-09,285.2799987792969,285.2799987792969,267.20001220703125,275.67999267578125,193788.0
2022-08-10,275.20001220703125,293.1199951171875,262.7200012207031,265.2799987792969,19325.0
2022-08-11,265.9200134277344,269.6000061035156,248.47999572753906,250.72000122070312,25656.0
2022-08-12,248.8000030517578,262.55999755859375,243.67999267578125,246.39999389648438,28125.0
2022-08-15,243.67999267578125,253.1199951171875,241.15199279785156,245.44000244140625,23238.0
2022-08-16,243.0399932861328,245.27999877929688,220.16000366210938,224.16000366210938,46375.0
2022-08-17,219.67999267578125,226.55999755859375,213.1199951171875,225.9199981689453,48194.0
2022-08-18,224.0,237.1199951171875,220.0,235.0399932861328,30163.0
2022-08-19,230.0800018310547,232.0,221.75999450683594,228.8000030517578,23000.0
2022-08-22,226.0800018310547,238.72000122070312,222.8800048828125,224.63999938964844,30344.0
2022-08-23,223.52000427246094,233.44000244140625,220.16000366210938,232.63999938964844,13269.0
2022-08-24,232.47999572753906,243.83999633789062,231.44000244140625,241.44000244140625,23544.0
2022-08-25,242.72000122070312,244.16000366210938,237.75999450683594,240.47999572753906,12656.0
2022-08-26,240.32000732421875,243.36000061035156,229.1199951171875,229.60000610351562,27750.0
2022-08-29,224.8000030517578,234.72000122070312,224.8000030517578,228.8000030517578,18169.0
2022-08-30,231.52000427246094,231.52000427246094,214.39999389648438,218.24000549316406,22925.0
2022-08-31,221.27999877929688,226.72000122070312,218.39999389648438,226.55999755859375,19938.0
2022-09-01,223.83999633789062,227.36000061035156,219.1999969482422,227.0399932861328,16969.0
2022-09-02,231.83999633789062,234.55999755859375,226.39999389648438,228.9600067138672,14719.0
2022-09-06,230.55999755859375,233.27999877929688,225.1199951171875,227.52000427246094,23619.0
2022-09-07,225.75999450683594,239.1999969482422,222.24000549316406,235.67999267578125,16075.0
2022-09-08,233.44000244140625,255.83999633789062,231.60000610351562,255.52000427246094,24288.0
2022-09-09,254.72000122070312,264.9599914550781,250.39999389648438,262.239990234375,24275.0
2022-09-12,263.3599853515625,288.0,256.1600036621094,284.0,46281.0
2022-09-13,275.0400085449219,288.79998779296875,273.9200134277344,280.79998779296875,40288.0
2022-09-14,278.3999938964844,288.3680114746094,269.6000061035156,282.55999755859375,38300.0
2022-09-15,281.760009765625,287.6000061035156,268.1600036621094,274.0799865722656,32056.0
2022-09-16,266.8800048828125,266.8800048828125,233.9199981689453,252.16000366210938,218488.0
2022-09-19,245.60000610351562,245.60000610351562,217.44000244140625,225.44000244140625,51938.0
2022-09-20,223.0399932861328,237.27999877929688,220.16000366210938,236.9600067138672,32219.0
2022-09-21,244.63999938964844,244.63999938964844,228.0,228.63999938964844,39294.0
2022-09-22,226.24000549316406,226.24000549316406,216.47999572753906,218.55999755859375,32650.0
2022-09-23,214.39999389648438,223.1999969482422,209.27999877929688,222.39999389648438,45150.0
2022-09-26,221.9199981689453,231.0399932861328,218.9600067138672,220.63999938964844,32119.0
2022-09-27,225.60000610351562,227.67999267578125,216.0,220.0,37906.0
2022-09-28,223.36000061035156,238.8800048828125,222.0800018310547,233.1199951171875,56325.0
2022-09-29,230.24000549316406,230.24000549316406,204.0,214.8800048828125,36481.0
2022-09-30,214.0800018310547,230.0800018310547,212.8000030517578,227.52000427246094,34956.0
2022-10-03,233.44000244140625,249.9199981689453,225.1199951171875,240.63999938964844,39863.0
2022-10-04,240.16000366210938,248.47999572753906,234.72000122070312,244.0,23900.0
2022-10-05,242.72000122070312,245.60000610351562,235.1999969482422,243.1999969482422,34656.0
2022-10-06,243.1999969482422,254.8800048828125,239.67999267578125,251.1999969482422,22219.0
2022-10-07,249.1199951171875,249.1199951171875,236.9600067138672,238.39999389648438,22081.0
2022-10-10,235.67999267578125,242.39999389648438,232.0,233.27999877929688,26494.0
2022-10-11,232.16000366210938,253.75999450683594,230.8800048828125,246.24000549316406,23788.0
2022-10-12,246.39999389648438,259.20001220703125,238.55999755859375,254.72000122070312,22075.0
2022-10-13,247.52000427246094,269.760009765625,233.31199645996094,268.79998779296875,28150.0
2022-10-14,271.8399963378906,276.4800109863281,262.3999938964844,265.760009765625,21881.0
2022-10-17,267.67999267578125,269.760009765625,248.16000366210938,260.6400146484375,24469.0
2022-10-18,268.9599914550781,274.0799865722656,258.7200012207031,269.2799987792969,49100.0
2022-10-19,266.3999938964844,266.3999938964844,253.75999450683594,257.9200134277344,28806.0
2022-10-20,259.67999267578125,266.8800048828125,258.55999755859375,264.1600036621094,13463.0
2022-10-21,266.3999938964844,277.760009765625,261.760009765625,277.2799987792969,22406.0
2022-10-24,278.8800048828125,280.9280090332031,252.16000366210938,254.72000122070312,19113.0
2022-10-25,254.8800048828125,270.3999938964844,254.8800048828125,260.4800109863281,21475.0
2022-10-26,261.2799987792969,279.67999267578125,261.2799987792969,270.55999755859375,17206.0
2022-10-27,273.1199951171875,273.1199951171875,258.7200012207031,259.20001220703125,14706.0
2022-10-28,261.6000061035156,276.6400146484375,257.6000061035156,275.0400085449219,25313.0
2022-10-31,272.0,275.3599853515625,262.8800048828125,263.8399963378906,32044.0
2022-11-01,267.67999267578125,275.8399963378906,263.67999267578125,271.8399963378906,25988.0
2022-11-02,272.1600036621094,288.0,267.20001220703125,276.1600036621094,41919.0
2022-11-03,276.0,292.0,264.1600036621094,290.3999938964844,49688.0
2022-11-04,294.8800048828125,304.0,276.79998779296875,285.9200134277344,39281.0
2022-11-07,288.0,310.3999938964844,288.0,306.55999755859375,39269.0
2022-11-08,308.79998779296875,316.1600036621094,300.6400146484375,308.4800109863281,23250.0
2022-11-09,305.6000061035156,316.32000732421875,295.5199890136719,312.32000732421875,23963.0
2022-11-10,320.0,339.3599853515625,311.5039978027344,332.4800109863281,64575.0
2022-11-11,334.3999938964844,349.9200134277344,333.44000244140625,340.32000732421875,65619.0
2022-11-14,341.9200134277344,348.79998779296875,322.0799865722656,331.8399963378906,54613.0
2022-11-15,340.6400146484375,340.6400146484375,321.760009765625,325.44000244140625,29119.0
2022-11-16,322.0799865722656,324.1759948730469,277.44000244140625,279.5199890136719,37644.0
2022-11-17,282.0799865722656,282.0799865722656,255.36000061035156,272.0,54675.0
2022-11-18,277.2799987792969,282.7200012207031,268.32000732421875,281.1199951171875,46538.0
2022-11-21,277.2799987792969,284.1600036621094,264.6400146484375,276.79998779296875,35825.0
2022-11-22,278.0799865722656,291.3599853515625,273.6000061035156,283.3599853515625,47863.0
2022-11-23,280.4800109863281,287.67999267578125,274.239990234375,275.20001220703125,27606.0
2022-11-25,274.8800048828125,275.67999267578125,266.3999938964844,274.3999938964844,17369.0
2022-11-28,273.44000244140625,279.3599853515625,265.1199951171875,267.20001220703125,41925.0
2022-11-29,268.4800109863281,286.0,263.0880126953125,284.32000732421875,30406.0
2022-11-30,286.3999938964844,293.1199951171875,278.55999755859375,290.8800048828125,61375.0
2022-12-01,292.79998779296875,302.3999938964844,288.9599914550781,297.2799987792969,42406.0
2022-12-02,293.9200134277344,308.6400146484375,288.1600036621094,308.1600036621094,29769.0
2022-12-05,310.7200012207031,334.0799865722656,302.239990234375,323.0400085449219,39988.0
2022-12-06,321.760009765625,327.9200134277344,307.5199890136719,314.55999755859375,35463.0
2022-12-07,314.55999755859375,322.0799865722656,306.7200012207031,314.0799865722656,44513.0
2022-12-08,318.239990234375,319.67999267578125,306.6400146484375,318.0799865722656,45331.0
2022-12-09,316.6400146484375,317.44000244140625,269.9200134277344,276.32000732421875,71175.0
2022-12-12,173.60000610351562,178.8800048828125,150.0800018310547,166.8000030517578,496175.0
2022-12-13,167.0399932861328,176.16000366210938,166.24000549316406,172.63999938964844,162975.0
2022-12-14,169.27999877929688,176.63999938964844,163.83999633789062,170.24000549316406,42731.0
2022-12-15,168.63999938964844,174.72000122070312,158.8800048828125,159.1999969482422,52469.0
2022-12-16,158.8800048828125,161.9199981689453,148.47999572753906,150.39999389648438,91519.0
2022-12-19,148.9600067138672,150.72000122070312,132.8000030517578,134.0800018310547,49713.0
2022-12-20,134.0800018310547,138.24000549316406,130.47999572753906,132.9600067138672,42931.0
2022-12-21,134.24000549316406,136.55999755859375,127.04000091552734,128.8000030517578,36569.0
2022-12-22,127.36000061035156,130.39999389648438,120.95999908447266,128.8000030517578,73675.0
2022-12-23,128.8000030517578,132.8000030517578,125.12000274658203,126.87999725341797,22706.0
2022-12-27,126.55999755859375,128.63999938964844,121.27999877929688,123.5199966430664,30069.0
2022-12-28,123.5199966430664,131.36000061035156,123.5199966430664,129.60000610351562,32700.0
2022-12-29,130.72000122070312,140.16000366210938,128.0,136.8000030517578,39794.0
2022-12-30,135.1999969482422,143.0399932861328,134.39999389648438,143.0399932861328,27913.0
2023-01-03,144.47999572753906,148.0,134.39999389648438,137.1199951171875,29000.0
2023-01-04,139.52000427246094,140.32000732421875,130.55999755859375,136.0,47806.0
2023-01-05,134.8800048828125,136.24000549316406,130.39999389648438,131.52000427246094,26319.0
2023-01-06,132.47999572753906,138.72000122070312,129.36000061035156,134.0800018310547,21113.0
2023-01-09,135.52000427246094,135.52000427246094,121.04000091552734,122.08000183105469,48194.0
2023-01-10,121.91999816894531,126.4000015258789,118.72000122070312,122.87999725341797,66963.0
2023-01-11,122.55999755859375,126.72000122070312,119.5199966430664,123.83999633789062,33463.0
2023-01-12,124.80000305175781,138.39999389648438,119.83999633789062,137.60000610351562,114138.0
2023-01-13,141.60000610351562,145.1199951171875,134.24000549316406,139.0399932861328,52744.0
2023-01-17,139.1999969482422,144.0,137.75999450683594,139.67999267578125,37531.0
2023-01-18,140.9600067138672,146.24000549316406,133.52000427246094,134.0800018310547,21294.0
2023-01-19,132.8000030517578,137.27999877929688,131.0399932861328,132.8000030517578,25281.0
2023-01-20,135.36000061035156,144.16000366210938,133.75999450683594,141.44000244140625,34275.0
2023-01-23,141.1199951171875,143.0399932861328,137.60000610351562,141.60000610351562,27038.0
2023-01-24,141.44000244140625,147.67999267578125,138.72000122070312,144.8000030517578,18581.0
2023-01-25,144.0,147.67999267578125,139.27999877929688,147.36000061035156,17694.0
2023-01-26,148.9600067138672,150.39999389648438,140.32000732421875,142.24000549316406,17019.0
2023-01-27,142.55999755859375,146.32000732421875,141.74400329589844,143.36000061035156,16613.0
2023-01-30,141.75999450683594,144.32000732421875,136.47999572753906,139.0399932861328,18613.0
2023-01-31,140.0,148.32000732421875,138.9600067138672,146.39999389648438,22225.0
2023-02-01,147.36000061035156,147.67999267578125,140.32000732421875,146.0800018310547,23131.0
2023-02-02,147.83999633789062,152.39999389648438,145.60000610351562,147.67999267578125,25019.0
2023-02-03,145.27999877929688,148.16000366210938,138.8000030517578,140.16000366210938,25050.0
2023-02-06,140.9600067138672,141.1199951171875,135.1999969482422,137.1199951171875,23400.0
2023-02-07,137.1199951171875,138.32000732421875,132.47999572753906,135.83999633789062,23038.0
2023-02-08,137.75999450683594,139.1199951171875,130.8000030517578,131.36000061035156,21925.0
2023-02-09,132.47999572753906,134.72000122070312,127.36000061035156,128.8000030517578,17050.0
2023-02-10,128.9600067138672,130.39999389648438,124.80000305175781,129.75999450683594,18650.0
2023-02-13,129.9199981689453,135.1999969482422,127.63200378417969,132.9600067138672,21038.0
2023-02-14,132.47999572753906,132.47999572753906,121.44000244140625,122.08000183105469,34906.0
2023-02-15,121.44000244140625,130.8800048828125,118.55999755859375,130.24000549316406,37238.0
2023-02-16,128.8000030517578,130.0800018310547,125.5999984741211,126.23999786376953,26156.0
2023-02-17,126.72000122070312,135.67999267578125,124.31999969482422,135.0399932861328,60981.0
2023-02-21,134.39999389648438,134.70399475097656,124.4800033569336,125.5999984741211,34556.0
2023-02-22,125.76000213623047,131.52000427246094,125.5999984741211,128.9600067138672,26963.0
2023-02-23,130.0800018310547,132.0,122.87999725341797,129.27999877929688,22944.0
2023-02-24,127.19999694824219,128.63999938964844,122.08000183105469,122.55999755859375,21856.0
2023-02-27,124.31999969482422,127.83999633789062,122.4000015258789,126.87999725341797,44250.0
2023-02-28,126.72000122070312,129.72799682617188,124.80000305175781,126.08000183105469,18969.0
2023-03-01,125.91999816894531,126.72000122070312,120.4800033569336,122.23999786376953,20931.0
2023-03-02,120.95999908447266,122.95999908447266,118.72000122070312,120.80000305175781,13819.0
2023-03-03,121.5999984741211,127.04000091552734,119.44000244140625,124.4800033569336,17988.0
2023-03-06,124.4800033569336,124.4800033569336,119.5999984741211,122.55999755859375,24494.0
2023-03-07,123.5199966430664,129.52000427246094,121.44000244140625,123.68000030517578,19731.0
2023-03-08,123.04000091552734,124.0,119.83999633789062,121.76000213623047,28594.0
2023-03-09,121.76000213623047,123.83999633789062,117.27999877929688,119.04000091552734,33656.0
2023-03-10,119.5199966430664,119.5199966430664,109.12000274658203,114.23999786376953,40394.0
2023-03-13,112.31999969482422,124.63999938964844,112.31999969482422,123.68000030517578,51263.0
2023-03-14,126.08000183105469,130.47999572753906,124.16000366210938,127.36000061035156,45988.0
2023-03-15,124.95999908447266,126.23999786376953,117.27999877929688,123.36000061035156,35050.0
2023-03-16,118.87999725341797,125.76000213623047,112.95999908447266,123.36000061035156,46256.0
2023-03-17,121.91999816894531,122.72000122070312,116.63999938964844,118.87999725341797,221513.0
2023-03-20,119.04000091552734,120.4800033569336,102.4000015258789,102.55999755859375,37038.0
2023-03-21,103.5199966430664,108.80000305175781,102.31999969482422,105.12000274658203,21281.0
2023-03-22,105.12000274658203,108.31999969482422,94.55999755859375,95.68000030517578,34194.0
2023-03-23,96.63999938964844,98.87999725341797,90.23999786376953,92.63999938964844,35163.0
2023-03-24,91.36000061035156,95.36000061035156,91.19999694824219,94.23999786376953,35075.0
2023-03-27,95.36000061035156,97.04000091552734,93.5999984741211,94.72000122070312,18488.0
2023-03-28,94.23999786376953,95.5199966430664,88.16000366210938,88.31999969482422,18650.0
2023-03-29,89.5999984741211,97.91999816894531,88.95999908447266,96.80000305175781,21969.0
2023-03-30,97.12000274658203,99.36000061035156,90.87999725341797,93.44000244140625,30213.0
2023-03-31,94.23999786376953,96.95999908447266,91.5999984741211,92.16000366210938,15588.0
2023-04-03,91.19999694824219,94.23999786376953,90.87999725341797,91.19999694824219,34300.0
2023-04-04,92.0,92.4000015258789,82.08000183105469,85.5999984741211,25125.0
2023-04-05,88.80000305175781,90.31999969482422,84.31999969482422,87.68000030517578,38731.0
2023-04-06,88.16000366210938,91.12000274658203,86.4000015258789,89.91999816894531,32575.0
2023-04-10,91.68000030517578,91.68000030517578,87.5199966430664,90.23999786376953,21200.0
2023-04-11,89.91999816894531,91.19999694824219,88.16000366210938,88.95999908447266,17975.0
2023-04-12,90.08000183105469,90.87999725341797,84.0,84.31999969482422,15950.0
2023-04-13,85.44000244140625,95.5199966430664,84.80000305175781,92.4800033569336,86563.0
2023-04-14,97.27999877929688,100.55999755859375,88.95999908447266,89.76000213623047,29175.0
2023-04-17,90.72000122070312,104.0,90.23999786376953,98.23999786376953,32425.0
2023-04-18,98.87999725341797,98.87999725341797,95.68000030517578,95.68000030517578,71963.0
2023-04-19,95.36000061035156,98.4000015258789,95.04000091552734,98.08000183105469,21569.0
2023-04-20,96.63999938964844,98.80000305175781,95.68000030517578,96.80000305175781,10819.0
2023-04-21,96.80000305175781,99.36000061035156,96.0,98.87999725341797,12188.0
2023-04-24,99.04000091552734,100.31999969482422,95.76000213623047,97.76000213623047,16156.0
2023-04-25,97.27999877929688,99.83999633789062,96.0,97.27999877929688,14194.0
2023-04-26,97.12000274658203,98.23999786376953,94.08000183105469,94.4000015258789,39294.0
2023-04-27,95.19999694824219,96.0,92.31999969482422,92.4800033569336,16844.0
2023-04-28,92.95999908447266,95.02400207519531,90.23999786376953,93.44000244140625,13306.0
2023-05-01,93.5999984741211,99.5199966430664,93.5999984741211,97.76000213623047,15138.0
2023-05-02,97.12000274658203,99.83999633789062,96.31999969482422,97.27999877929688,18213.0
2023-05-03,97.76000213623047,104.0,97.76000213623047,101.44000244140625,12044.0
2023-05-04,100.80000305175781,103.5199966430664,99.36000061035156,102.08000183105469,10744.0
2023-05-05,102.87999725341797,106.23999786376953,102.08000183105469,103.19999694824219,10694.0
2023-05-08,103.68000030517578,106.55999755859375,100.80000305175781,106.55999755859375,10719.0
2023-05-09,105.27999877929688,108.63999938964844,103.19999694824219,107.68000030517578,23213.0
2023-05-10,111.36000061035156,120.0,109.5999984741211,110.87999725341797,27519.0
2023-05-11,110.4000015258789,112.0,104.31999969482422,106.55999755859375,12963.0
2023-05-12,106.87999725341797,107.04000091552734,101.44000244140625,101.76000213623047,35219.0
2023-05-15,102.4000015258789,116.4800033569336,101.91999816894531,114.08000183105469,24750.0
2023-05-16,111.5199966430664,112.95999908447266,108.87999725341797,109.27999877929688,34175.0
2023-05-17,109.5999984741211,110.16000366210938,104.31999969482422,106.72000122070312,10231.0
2023-05-18,106.72000122070312,107.36000061035156,99.12000274658203,103.36000061035156,16419.0
2023-05-19,104.80000305175781,106.23999786376953,99.83999633789062,100.4800033569336,12419.0
2023-05-22,102.4000015258789,104.80000305175781,100.0,101.12000274658203,28663.0
2023-05-23,100.16000366210938,106.4000015258789,98.55999755859375,98.72000122070312,25469.0
2023-05-24,98.4000015258789,98.4000015258789,88.55999755859375,91.36000061035156,15950.0
2023-05-25,91.83999633789062,91.83999633789062,85.12000274658203,88.4800033569336,15906.0
2023-05-26,88.16000366210938,92.55999755859375,85.44000244140625,89.91999816894531,14294.0
2023-05-30,90.23999786376953,94.4000015258789,87.68000030517578,89.76000213623047,12831.0
2023-05-31,89.91999816894531,91.44000244140625,86.4000015258789,87.68000030517578,49106.0
2023-06-01,81.5999984741211,84.80000305175781,73.76000213623047,83.12000274658203,28281.0
2023-06-02,84.80000305175781,86.25599670410156,80.95999908447266,85.5999984741211,20381.0
2023-06-05,85.44000244140625,87.68000030517578,83.83999633789062,84.16000366210938,15606.0
2023-06-06,84.4800033569336,86.87999725341797,82.23999786376953,85.12000274658203,18788.0
2023-06-07,85.27999877929688,92.95999908447266,85.12000274658203,91.36000061035156,18669.0
2023-06-08,91.04000091552734,91.5199966430664,84.95999908447266,90.72000122070312,32019.0
2023-06-09,91.68000030517578,91.83999633789062,85.12000274658203,85.5999984741211,30275.0
2023-06-12,86.08000183105469,86.63999938964844,77.91999816894531,79.19999694824219,31575.0
2023-06-13,80.0,82.72000122070312,76.4800033569336,77.12000274658203,44956.0
2023-06-14,78.4000015258789,80.0,71.83999633789062,72.4800033569336,28381.0
2023-06-15,72.16000366210938,75.19999694824219,70.4000015258789,72.4800033569336,29106.0
2023-06-16,75.04000091552734,76.16000366210938,69.91999816894531,70.4000015258789,36375.0
2023-06-20,70.4000015258789,70.87999725341797,66.87999725341797,69.12000274658203,42756.0
2023-06-21,69.12000274658203,74.4000015258789,67.68000030517578,73.91999816894531,72050.0
2023-06-22,72.95999908447266,74.31999969482422,69.44000244140625,69.91999816894531,72169.0
2023-06-23,69.76000213623047,76.95999908447266,67.68000030517578,75.68000030517578,55563.0
2023-06-26,74.55999755859375,76.95999908447266,72.80000305175781,74.55999755859375,33469.0
2023-06-27,61.50400161743164,63.20000076293945,31.68000030517578,34.08000183105469,524313.0
2023-06-28,33.7599983215332,42.560001373291016,32.79999923706055,42.2400016784668,328844.0
2023-06-29,41.119998931884766,41.599998474121094,36.0,36.959999084472656,180200.0
2023-06-30,38.880001068115234,40.959999084472656,37.119998931884766,38.880001068115234,193481.0
2023-07-03,38.880001068115234,45.119998931884766,38.63999938964844,43.68000030517578,139288.0
2023-07-05,44.0,52.79999923706055,44.0,50.560001373291016,219669.0
2023-07-06,48.79999923706055,52.15999984741211,47.104000091552734,50.2400016784668,110275.0
2023-07-07,49.119998931884766,51.84000015258789,47.231998443603516,51.52000045776367,60119.0
2023-07-10,51.20000076293945,54.880001068115234,50.880001068115234,54.08000183105469,76000.0
2023-07-11,53.599998474121094,57.439998626708984,51.279998779296875,52.47999954223633,68331.0
2023-07-12,53.279998779296875,56.63999938964844,52.63999938964844,54.400001525878906,28663.0
2023-07-13,54.400001525878906,55.84000015258789,51.52000045776367,51.68000030517578,42563.0
2023-07-14,52.15999984741211,52.720001220703125,48.880001068115234,49.279998779296875,38788.0
2023-07-17,49.91999816894531,52.63999938964844,49.119998931884766,51.36000061035156,30119.0
2023-07-18,51.20000076293945,52.31999969482422,49.36000061035156,50.2400016784668,30250.0
2023-07-19,50.08000183105469,52.0,49.91999816894531,51.52000045776367,42519.0
2023-07-20,51.68000030517578,51.68000030517578,46.880001068115234,47.36000061035156,27394.0
2023-07-21,47.52000045776367,48.30400085449219,44.959999084472656,47.040000915527344,23619.0
2023-07-24,46.720001220703125,46.959999084472656,39.20000076293945,40.15999984741211,60881.0
2023-07-25,40.31999969482422,40.31999969482422,38.47999954223633,38.63999938964844,29881.0
2023-07-26,38.880001068115234,40.79999923706055,38.2400016784668,40.31999969482422,19263.0
2023-07-27,40.47999954223633,42.720001220703125,40.0,40.0,23200.0
2023-07-28,40.47999954223633,42.720001220703125,39.91999816894531,41.599998474121094,21906.0
2023-07-31,41.7599983215332,44.08000183105469,41.29600143432617,42.720001220703125,21594.0
2023-08-01,42.400001525878906,42.400001525878906,40.15999984741211,40.47999954223633,40575.0
2023-08-02,40.0,40.47999954223633,38.15999984741211,39.68000030517578,19225.0
2023-08-03,39.68000030517578,40.47999954223633,37.7599983215332,37.91999816894531,20963.0
2023-08-04,38.400001525878906,39.84000015258789,37.439998626708984,37.599998474121094,16900.0
2023-08-07,37.7599983215332,38.63999938964844,33.7599983215332,35.84000015258789,51738.0
2023-08-08,36.0,36.63999938964844,34.57600021362305,35.20000076293945,57294.0
2023-08-09,35.20000076293945,35.68000030517578,33.599998474121094,33.599998474121094,29106.0
2023-08-10,32.15999984741211,39.040000915527344,32.15999984741211,37.599998474121094,41613.0
2023-08-11,36.79999923706055,37.599998474121094,34.880001068115234,36.79999923706055,21000.0
2023-08-14,36.79999923706055,36.959999084472656,33.279998779296875,34.2400016784668,38094.0
2023-08-15,34.2400016784668,35.02399826049805,32.959999084472656,34.08000183105469,19250.0
2023-08-16,33.7599983215332,34.79999923706055,32.47999954223633,32.959999084472656,17600.0
2023-08-17,32.79999923706055,33.119998931884766,31.200000762939453,31.520000457763672,20450.0
2023-08-18,31.200000762939453,32.12799835205078,29.920000076293945,29.920000076293945,55394.0
2023-08-21,31.040000915527344,31.1200008392334,29.648000717163086,30.239999771118164,15181.0
2023-08-22,30.239999771118164,30.719999313354492,28.31999969482422,28.479999542236328,26144.0
2023-08-23,29.440000534057617,30.399999618530273,27.68000030517578,27.84000015258789,78425.0
2023-08-24,28.31999969482422,28.799999237060547,27.600000381469727,28.0,53825.0
2023-08-25,28.15999984741211,28.15999984741211,26.559999465942383,26.719999313354492,41225.0
2023-08-28,27.520000457763672,27.520000457763672,26.0,26.8799991607666,31594.0
2023-08-29,26.559999465942383,28.799999237060547,26.559999465942383,27.84000015258789,22394.0
2023-08-30,27.84000015258789,29.440000534057617,27.68000030517578,28.799999237060547,40306.0
2023-08-31,29.1200008392334,32.31999969482422,28.959999084472656,32.0,43113.0
2023-09-01,31.68000030517578,33.119998931884766,31.520000457763672,31.68000030517578,21069.0
2023-09-05,31.520000457763672,31.84000015258789,29.600000381469727,29.760000228881836,20006.0
2023-09-06,29.440000534057617,30.31999969482422,28.15999984741211,28.959999084472656,17894.0
2023-09-07,28.959999084472656,29.280000686645508,28.15999984741211,28.479999542236328,8313.0
2023-09-08,28.639999389648438,28.959999084472656,27.040000915527344,27.040000915527344,17069.0
2023-09-11,27.360000610351562,27.360000610351562,26.719999313354492,27.200000762939453,17519.0
2023-09-12,27.040000915527344,27.360000610351562,25.600000381469727,25.600000381469727,109038.0
2023-09-13,26.239999771118164,27.280000686645508,25.600000381469727,26.559999465942383,19625.0
2023-09-14,26.8799991607666,28.719999313354492,26.719999313354492,28.639999389648438,42963.0
2023-09-15,28.15999984741211,29.615999221801758,27.200000762939453,27.360000610351562,38656.0
2023-09-18,27.520000457763672,28.256000518798828,25.760000228881836,27.040000915527344,13981.0
2023-09-19,26.8799991607666,27.68000030517578,26.559999465942383,27.200000762939453,12075.0
2023-09-20,27.360000610351562,27.600000381469727,25.440000534057617,25.600000381469727,12288.0
2023-09-21,25.440000534057617,25.68000030517578,24.479999542236328,24.479999542236328,29638.0
2023-09-22,24.639999389648438,25.280000686645508,23.200000762939453,23.360000610351562,18975.0
2023-09-25,23.040000915527344,23.68000030517578,22.239999771118164,22.399999618530273,52131.0
2023-09-26,21.920000076293945,24.799999237060547,21.920000076293945,22.8799991607666,12144.0
2023-09-27,23.040000915527344,24.15999984741211,22.8799991607666,23.040000915527344,12763.0
2023-09-28,23.200000762939453,23.983999252319336,21.920000076293945,22.719999313354492,11325.0
2023-09-29,22.8799991607666,23.84000015258789,21.200000762939453,21.920000076293945,19038.0
2023-10-02,21.920000076293945,22.239999771118164,20.31999969482422,20.959999084472656,75656.0
2023-10-03,20.799999237060547,21.45599937438965,20.479999542236328,20.799999237060547,14163.0
2023-10-04,20.639999389648438,20.799999237060547,20.15999984741211,20.639999389648438,9600.0
2023-10-05,20.479999542236328,21.600000381469727,19.84000015258789,21.1200008392334,17019.0
2023-10-06,22.079999923706055,22.079999923706055,20.479999542236328,20.639999389648438,24319.0
2023-10-09,20.479999542236328,20.799999237060547,19.84000015258789,20.0,12019.0
2023-10-10,20.15999984741211,23.1200008392334,20.0,22.8799991607666,30756.0
2023-10-11,22.8799991607666,24.799999237060547,22.559999465942383,24.0,22706.0
2023-10-12,23.84000015258789,24.15999984741211,21.280000686645508,21.600000381469727,21488.0
2023-10-13,21.760000228881836,22.8799991607666,21.440000534057617,22.079999923706055,12288.0
2023-10-16,21.920000076293945,24.15999984741211,20.959999084472656,22.8799991607666,12575.0
2023-10-17,22.8799991607666,24.31999969482422,22.399999618530273,24.0,32563.0
2023-10-18,24.15999984741211,24.15999984741211,22.559999465942383,23.040000915527344,24094.0
2023-10-19,23.200000762939453,24.479999542236328,22.399999618530273,23.360000610351562,30725.0
2023-10-20,23.360000610351562,25.615999221801758,22.8799991607666,24.0,23188.0
2023-10-23,24.31999969482422,25.1200008392334,21.600000381469727,22.079999923706055,29244.0
2023-10-24,22.239999771118164,23.360000610351562,20.959999084472656,20.959999084472656,28531.0
2023-10-25,20.959999084472656,21.440000534057617,19.520000457763672,19.520000457763672,29088.0
2023-10-26,20.0,20.799999237060547,18.959999084472656,20.479999542236328,25006.0
2023-10-27,20.479999542236328,21.440000534057617,19.360000610351562,20.15999984741211,19869.0
2023-10-30,20.31999969482422,21.440000534057617,20.31999969482422,20.959999084472656,11788.0
2023-10-31,20.639999389648438,21.760000228881836,20.479999542236328,21.1200008392334,47963.0
2023-11-01,21.280000686645508,21.600000381469727,20.15999984741211,20.799999237060547,14513.0
2023-11-02,21.280000686645508,23.68000030517578,20.959999084472656,23.68000030517578,15444.0
2023-11-03,24.31999969482422,26.959999084472656,24.31999969482422,26.399999618530273,24238.0
2023-11-06,27.040000915527344,27.040000915527344,22.079999923706055,22.8799991607666,22263.0
2023-11-07,22.559999465942383,23.360000610351562,20.799999237060547,21.040000915527344,18238.0
2023-11-08,22.079999923706055,22.079999923706055,20.239999771118164,21.280000686645508,11294.0
2023-11-09,20.799999237060547,21.040000915527344,19.84000015258789,20.0,22994.0
2023-11-10,20.31999969482422,20.31999969482422,19.200000762939453,19.200000762939453,12825.0
2023-11-13,19.200000762939453,19.68000030517578,17.615999221801758,18.8799991607666,18431.0
2023-11-14,20.15999984741211,20.15999984741211,18.559999465942383,18.8799991607666,34250.0
2023-11-15,19.040000915527344,21.280000686645508,19.040000915527344,19.360000610351562,27206.0
2023-11-16,19.200000762939453,19.200000762939453,17.600000381469727,18.719999313354492,15806.0
2023-11-17,18.8799991607666,19.440000534057617,18.239999771118164,19.200000762939453,19456.0
2023-11-20,19.520000457763672,19.84000015258789,18.399999618530273,18.719999313354492,10638.0
2023-11-21,19.040000915527344,19.040000915527344,17.600000381469727,18.399999618530273,10669.0
2023-11-22,18.239999771118164,18.8799991607666,17.920000076293945,18.399999618530273,8538.0
2023-11-24,18.399999618530273,19.040000915527344,18.399999618530273,19.040000915527344,13488.0
2023-11-27,19.040000915527344,19.040000915527344,18.399999618530273,18.8799991607666,12456.0
2023-11-28,18.8799991607666,18.8799991607666,17.600000381469727,17.760000228881836,14906.0
2023-11-29,18.239999771118164,18.799999237060547,17.600000381469727,18.079999923706055,22869.0
2023-11-30,18.239999771118164,19.360000610351562,17.760000228881836,18.8799991607666,38125.0
2023-12-01,19.040000915527344,20.447999954223633,18.31999969482422,19.68000030517578,31606.0
2023-12-04,20.0,20.76799964904785,19.200000762939453,19.84000015258789,21700.0
2023-12-05,20.0,20.639999389648438,18.8799991607666,19.360000610351562,22138.0
2023-12-06,19.520000457763672,21.600000381469727,19.520000457763672,20.959999084472656,17675.0
2023-12-07,21.280000686645508,22.399999618530273,20.0,21.920000076293945,17981.0
2023-12-08,22.079999923706055,22.479999542236328,20.31999969482422,22.079999923706055,18994.0
2023-12-11,24.0,24.15999984741211,20.959999084472656,21.1200008392334,53519.0
2023-12-12,20.799999237060547,22.639999389648438,20.0,21.920000076293945,28681.0
2023-12-13,22.399999618530273,24.799999237060547,21.760000228881836,24.31999969482422,25025.0
2023-12-14,24.31999969482422,26.559999465942383,24.0,26.399999618530273,59219.0
2023-12-15,26.559999465942383,26.559999465942383,24.959999084472656,25.440000534057617,57725.0
2023-12-18,25.920000076293945,25.920000076293945,22.719999313354492,23.1200008392334,20431.0
2023-12-19,23.520000457763672,26.079999923706055,23.040000915527344,25.360000610351562,23356.0
2023-12-20,25.440000534057617,26.239999771118164,23.200000762939453,23.360000610351562,102950.0
2023-12-21,24.15999984741211,25.600000381469727,23.600000381469727,23.68000030517578,16513.0
2023-12-22,24.15999984741211,26.399999618530273,24.15999984741211,26.239999771118164,32600.0
2023-12-26,26.719999313354492,27.68000030517578,25.600000381469727,26.559999465942383,31844.0
2023-12-27,26.719999313354492,28.15999984741211,26.288000106811523,28.15999984741211,23256.0
2023-12-28,27.68000030517578,28.479999542236328,27.200000762939453,27.84000015258789,18544.0
2023-12-29,28.0,30.559999465942383,27.200000762939453,30.239999771118164,39044.0
2024-01-02,30.239999771118164,33.91999816894531,29.760000228881836,32.15999984741211,51894.0
2024-01-03,32.63999938964844,32.79999923706055,28.0,28.15999984741211,37838.0
2024-01-04,32.0,37.91999816894531,31.360000610351562,34.560001373291016,206363.0
2024-01-05,33.7599983215332,40.31999969482422,32.31999969482422,38.720001220703125,180144.0
2024-01-08,39.040000915527344,40.31999969482422,35.52000045776367,39.36000061035156,113406.0
2024-01-09,40.31999969482422,60.31999969482422,39.84000015258789,55.20000076293945,452294.0
2024-01-10,55.20000076293945,58.720001220703125,48.0,53.599998474121094,420525.0
2024-01-11,53.119998931884766,53.119998931884766,47.040000915527344,48.63999938964844,53894.0
2024-01-12,49.91999816894531,54.880001068115234,48.2400016784668,53.279998779296875,68750.0
2024-01-16,53.91999816894531,54.400001525878906,45.7599983215332,48.0,70063.0
2024-01-17,46.400001525878906,46.560001373291016,41.20000076293945,43.84000015258789,45763.0
2024-01-18,43.84000015258789,43.84000015258789,38.560001373291016,39.119998931884766,33131.0
2024-01-19,39.040000915527344,39.36000061035156,37.040000915527344,39.040000915527344,16569.0
2024-01-22,40.79999923706055,41.599998474121094,38.400001525878906,39.68000030517578,21863.0
2024-01-23,42.08000183105469,42.880001068115234,38.2400016784668,40.15999984741211,318681.0
2024-01-24,40.63999938964844,41.439998626708984,38.08000183105469,38.400001525878906,48894.0
2024-01-25,38.560001373291016,40.15999984741211,37.91999816894531,39.52000045776367,58531.0
2024-01-26,40.0,40.880001068115234,38.959999084472656,40.47999954223633,44144.0
2024-01-29,42.560001373291016,48.944000244140625,41.599998474121094,48.0,484775.0
2024-01-30,47.040000915527344,52.12799835205078,45.68000030517578,46.2400016784668,132188.0
2024-01-31,45.91999816894531,51.84000015258789,44.79999923706055,47.84000015258789,124525.0
2024-02-01,48.0,49.91999816894531,43.599998474121094,49.439998626708984,104300.0
2024-02-02,48.79999923706055,50.08000183105469,45.36000061035156,48.0,57531.0
2024-02-05,47.36000061035156,49.91999816894531,45.599998474121094,49.91999816894531,78231.0
2024-02-06,51.68000030517578,57.91999816894531,49.599998474121094,51.040000915527344,138388.0
2024-02-07,52.0,52.47999954223633,48.63999938964844,51.36000061035156,116138.0
2024-02-08,50.880001068115234,54.400001525878906,50.0,54.08000183105469,103694.0
2024-02-09,54.2400016784668,56.0,49.599998474121094,52.31999969482422,127400.0
2024-02-12,52.0,55.52000045776367,49.91999816894531,49.91999816894531,73956.0
2024-02-13,49.599998474121094,49.599998474121094,43.439998626708984,44.31999969482422,137594.0
2024-02-14,45.599998474121094,47.36000061035156,41.68000030517578,46.400001525878906,91919.0
2024-02-15,46.720001220703125,48.15999984741211,45.68000030517578,48.0,70631.0
2024-02-16,47.68000030517578,48.08000183105469,46.08000183105469,47.040000915527344,33738.0
2024-02-20,47.040000915527344,48.63999938964844,44.880001068115234,45.599998474121094,61394.0
2024-02-21,44.79999923706055,46.08000183105469,42.560001373291016,43.040000915527344,180225.0
2024-02-22,43.040000915527344,43.84000015258789,38.880001068115234,39.040000915527344,143256.0
2024-02-23,39.84000015258789,40.31999969482422,38.08000183105469,39.52000045776367,113450.0
2024-02-26,41.7599983215332,41.7599983215332,37.7599983215332,38.720001220703125,89875.0
2024-02-27,38.720001220703125,40.08000183105469,37.61600112915039,38.2400016784668,162719.0
2024-02-28,39.20000076293945,39.52000045776367,37.040000915527344,37.279998779296875,64063.0
2024-02-29,38.08000183105469,38.47999954223633,36.15999984741211,37.599998474121094,60575.0
2024-03-01,37.7599983215332,38.560001373291016,36.847999572753906,38.400001525878906,58106.0
2024-03-04,39.20000076293945,40.63999938964844,36.17599868774414,38.08000183105469,82713.0
2024-03-05,37.91999816894531,38.400001525878906,36.0,37.119998931884766,52881.0
2024-03-06,37.119998931884766,38.720001220703125,37.119998931884766,38.400001525878906,36888.0
2024-03-07,38.720001220703125,39.20000076293945,37.7599983215332,38.2400016784668,31063.0
2024-03-08,38.560001373291016,40.2400016784668,38.560001373291016,38.880001068115234,269219.0
2024-03-11,38.880001068115234,40.15999984741211,38.79999923706055,39.36000061035156,170900.0
2024-03-12,39.36000061035156,39.68000030517578,37.439998626708984,37.7599983215332,52075.0
2024-03-13,37.7599983215332,38.720001220703125,35.84000015258789,36.0,50569.0
2024-03-14,36.0,36.720001220703125,32.79999923706055,32.79999923706055,105188.0
2024-03-15,33.279998779296875,33.91999816894531,32.0,32.0,405331.0
2024-03-18,32.15999984741211,32.959999084472656,30.079999923706055,31.200000762939453,73313.0
2024-03-19,31.520000457763672,32.959999084472656,30.8799991607666,32.47999954223633,69794.0
2024-03-20,35.52000045776367,36.0,32.959999084472656,34.2400016784668,103800.0
2024-03-21,34.2400016784668,35.52000045776367,32.47999954223633,32.63999938964844,108975.0
2024-03-22,32.959999084472656,35.84000015258789,32.31999969482422,35.040000915527344,59050.0
2024-03-25,34.560001373291016,37.52000045776367,34.560001373291016,35.20000076293945,40338.0
2024-03-26,36.63999938964844,36.63999938964844,33.84000015258789,35.84000015258789,50313.0
2024-03-27,36.15999984741211,37.439998626708984,35.20000076293945,37.279998779296875,38419.0
2024-03-28,37.279998779296875,38.31999969482422,36.959999084472656,37.599998474121094,33381.0
2024-04-01,37.599998474121094,38.880001068115234,36.47999954223633,38.400001525878906,41894.0
2024-04-02,37.599998474121094,37.91999816894531,36.63999938964844,37.7599983215332,95963.0
2024-04-03,37.279998779296875,37.439998626708984,35.91999816894531,36.15999984741211,28531.0
2024-04-04,36.47999954223633,38.400001525878906,35.68000030517578,36.47999954223633,27375.0
2024-04-05,36.63999938964844,36.79999923706055,35.50400161743164,36.0,18050.0
2024-04-08,35.52000045776367,36.15999984741211,34.12799835205078,34.880001068115234,40356.0
2024-04-09,35.20000076293945,36.959999084472656,35.119998931884766,36.63999938964844,30413.0
2024-04-10,35.20000076293945,35.36000061035156,34.08000183105469,34.400001525878906,24994.0
2024-04-11,34.880001068115234,36.720001220703125,34.08000183105469,35.84000015258789,54656.0
2024-04-12,35.20000076293945,35.439998626708984,34.2400016784668,34.560001373291016,26025.0
2024-04-15,34.560001373291016,36.15999984741211,34.08000183105469,35.20000076293945,30950.0
2024-04-16,34.560001373291016,35.20000076293945,34.2239990234375,35.040000915527344,10744.0
2024-04-17,35.52000045776367,37.599998474121094,35.439998626708984,36.31999969482422,47550.0
2024-04-18,36.63999938964844,36.63999938964844,32.08000183105469,32.400001525878906,58125.0
2024-04-19,32.15999984741211,32.560001373291016,30.399999618530273,31.200000762939453,45488.0
2024-04-22,32.0,32.720001220703125,31.280000686645508,32.0,20338.0
2024-04-23,34.2400016784668,36.0,33.119998931884766,33.599998474121094,70650.0
2024-04-24,33.119998931884766,33.279998779296875,29.84000015258789,30.0,92406.0
2024-04-25,30.239999771118164,31.200000762939453,28.799999237060547,28.959999084472656,53225.0
2024-04-26,28.959999084472656,29.200000762939453,26.559999465942383,26.8799991607666,78231.0
2024-04-29,27.200000762939453,28.239999771118164,25.440000534057617,25.440000534057617,100350.0
2024-04-30,25.440000534057617,26.8799991607666,23.200000762939453,23.84000015258789,132600.0
2024-05-01,24.799999237060547,26.079999923706055,24.15999984741211,24.31999969482422,243163.0
2024-05-02,24.15999984741211,24.799999237060547,22.239999771118164,22.559999465942383,304869.0
2024-05-03,23.200000762939453,24.959999084472656,22.399999618530273,23.200000762939453,304144.0
2024-05-06,23.84000015258789,27.360000610351562,23.84000015258789,27.040000915527344,193731.0
2024-05-07,26.719999313354492,29.84000015258789,26.559999465942383,27.68000030517578,100806.0
2024-05-08,27.200000762939453,28.959999084472656,26.079999923706055,26.399999618530273,62588.0
2024-05-09,26.559999465942383,27.200000762939453,25.920000076293945,26.079999923706055,27556.0
2024-05-10,27.68000030517578,27.68000030517578,23.360000610351562,23.520000457763672,58731.0
2024-05-13,24.0,24.8799991607666,22.8799991607666,23.040000915527344,54850.0
2024-05-14,23.84000015258789,24.15999984741211,21.280000686645508,21.280000686645508,76600.0
2024-05-15,22.559999465942383,24.479999542236328,22.079999923706055,22.399999618530273,166575.0
2024-05-16,22.8799991607666,25.440000534057617,22.399999618530273,25.1200008392334,52913.0
2024-05-17,25.280000686645508,26.8799991607666,25.200000762939453,25.600000381469727,66119.0
2024-05-20,25.760000228881836,26.239999771118164,24.479999542236328,25.920000076293945,39738.0
2024-05-21,25.920000076293945,27.360000610351562,25.360000610351562,25.760000228881836,32475.0
2024-05-22,25.600000381469727,26.8799991607666,25.600000381469727,26.079999923706055,31025.0
2024-05-23,26.239999771118164,26.399999618530273,24.479999542236328,24.479999542236328,31944.0
2024-05-24,24.479999542236328,24.799999237060547,23.600000381469727,23.84000015258789,30031.0
2024-05-28,24.15999984741211,26.079999923706055,24.0,24.959999084472656,42863.0
2024-05-29,24.15999984741211,24.399999618530273,23.200000762939453,23.200000762939453,27919.0
2024-05-30,23.520000457763672,24.31999969482422,22.719999313354492,23.68000030517578,18219.0
2024-05-31,24.0,24.416000366210938,22.719999313354492,23.200000762939453,28300.0
2024-06-03,24.0,25.440000534057617,23.040000915527344,23.040000915527344,26331.0
2024-06-04,23.360000610351562,23.360000610351562,21.600000381469727,21.760000228881836,48469.0
2024-06-05,22.8799991607666,24.0,22.479999542236328,23.040000915527344,90231.0
2024-06-06,23.040000915527344,24.0,22.079999923706055,22.399999618530273,56338.0
2024-06-07,22.399999618530273,22.399999618530273,21.152000427246094,21.600000381469727,41588.0
2024-06-10,21.920000076293945,22.079999923706055,20.31999969482422,20.959999084472656,34881.0
2024-06-11,20.479999542236328,20.959999084472656,19.920000076293945,20.639999389648438,57513.0
2024-06-12,21.1200008392334,22.8799991607666,20.799999237060547,22.399999618530273,45069.0
2024-06-13,22.719999313354492,23.84000015258789,21.760000228881836,23.200000762939453,36131.0
2024-06-14,23.360000610351562,23.68000030517578,21.440000534057617,21.600000381469727,30994.0
2024-06-17,21.440000534057617,21.440000534057617,20.799999237060547,21.1200008392334,38269.0
2024-06-18,20.799999237060547,22.079999923706055,20.799999237060547,21.440000534057617,27194.0
2024-06-20,21.440000534057617,22.399999618530273,21.280000686645508,21.760000228881836,29750.0
2024-06-21,21.760000228881836,22.399999618530273,21.760000228881836,21.920000076293945,33413.0
2024-06-24,22.399999618530273,24.239999771118164,22.399999618530273,24.0,203925.0
2024-06-25,23.520000457763672,24.0,22.559999465942383,23.520000457763672,60144.0
2024-06-26,23.040000915527344,23.600000381469727,21.1200008392334,21.440000534057617,62700.0
2024-06-27,21.440000534057617,22.079999923706055,20.31999969482422,21.440000534057617,39169.0
2024-06-28,21.440000534057617,21.440000534057617,19.360000610351562,19.360000610351562,508556.0
2024-07-01,19.520000457763672,19.84000015258789,18.399999618530273,18.399999618530273,103631.0
2024-07-02,18.559999465942383,18.559999465942383,17.440000534057617,17.600000381469727,74113.0
2024-07-03,17.600000381469727,17.920000076293945,16.799999237060547,17.440000534057617,51931.0
2024-07-05,17.600000381469727,18.079999923706055,17.1200008392334,17.1200008392334,45094.0
2024-07-08,19.200000762939453,19.200000762939453,18.399999618530273,18.719999313354492,123100.0
2024-07-09,18.8799991607666,19.68000030517578,18.719999313354492,19.360000610351562,71150.0
2024-07-10,19.520000457763672,20.799999237060547,19.280000686645508,20.31999969482422,77513.0
2024-07-11,20.15999984741211,20.479999542236328,19.520000457763672,20.15999984741211,60956.0
2024-07-12,20.15999984741211,20.31999969482422,19.200000762939453,19.360000610351562,69856.0
2024-07-15,19.520000457763672,20.479999542236328,18.8799991607666,19.68000030517578,59375.0
2024-07-16,20.0,20.8799991607666,19.360000610351562,20.479999542236328,196819.0
2024-07-17,20.479999542236328,21.600000381469727,20.0,20.959999084472656,87019.0
2024-07-18,21.1200008392334,21.1200008392334,19.520000457763672,19.68000030517578,61456.0
2024-07-19,20.15999984741211,20.15999984741211,18.559999465942383,19.84000015258789,76644.0
2024-07-22,19.84000015258789,22.079999923706055,19.520000457763672,21.920000076293945,102156.0
2024-07-23,21.920000076293945,23.200000762939453,21.360000610351562,23.040000915527344,61894.0
2024-07-24,22.239999771118164,24.0,22.239999771118164,23.200000762939453,47463.0
2024-07-25,23.040000915527344,24.304000854492188,22.8799991607666,24.15999984741211,32988.0
2024-07-26,24.31999969482422,26.079999923706055,22.399999618530273,25.440000534057617,63019.0
2024-07-29,25.760000228881836,27.200000762939453,25.280000686645508,26.079999923706055,71650.0
2024-07-30,25.760000228881836,26.079999923706055,24.15999984741211,24.799999237060547,52963.0
2024-07-31,24.959999084472656,25.760000228881836,23.360000610351562,24.15999984741211,54013.0
2024-08-01,24.799999237060547,24.799999237060547,23.440000534057617,24.15999984741211,55381.0
2024-08-02,23.360000610351562,23.520000457763672,22.399999618530273,23.040000915527344,37488.0
2024-08-05,21.920000076293945,22.239999771118164,20.799999237060547,20.799999237060547,41363.0
2024-08-06,21.760000228881836,22.079999923706055,20.639999389648438,21.280000686645508,30900.0
2024-08-07,21.760000228881836,22.719999313354492,20.959999084472656,21.440000534057617,42081.0
2024-08-08,21.440000534057617,22.399999618530273,20.799999237060547,21.280000686645508,36488.0
2024-08-09,21.280000686645508,21.600000381469727,20.639999389648438,21.440000534057617,36994.0
2024-08-12,21.280000686645508,21.760000228881836,20.15999984741211,20.31999969482422,26925.0
2024-08-13,20.639999389648438,22.239999771118164,20.479999542236328,20.799999237060547,32244.0
2024-08-14,21.1200008392334,22.8799991607666,21.1200008392334,21.920000076293945,46638.0
2024-08-15,22.399999618530273,23.84000015258789,22.399999618530273,22.8799991607666,26513.0
2024-08-16,22.8799991607666,24.799999237060547,22.8799991607666,24.479999542236328,29613.0
2024-08-19,24.0,26.239999771118164,24.0,24.799999237060547,43031.0
2024-08-20,25.280000686645508,25.600000381469727,23.200000762939453,23.520000457763672,21019.0
2024-08-21,23.84000015258789,25.920000076293945,23.68000030517578,25.1200008392334,26463.0
2024-08-22,25.600000381469727,25.84000015258789,24.479999542236328,24.639999389648438,12050.0
2024-08-23,24.639999389648438,25.1200008392334,23.84000015258789,23.84000015258789,29463.0
2024-08-26,24.0,24.959999084472656,23.520000457763672,24.479999542236328,18694.0
2024-08-27,24.0,24.799999237060547,22.399999618530273,22.559999465942383,18900.0
2024-08-28,22.399999618530273,23.360000610351562,22.239999771118164,23.360000610351562,18994.0
2024-08-29,23.360000610351562,24.639999389648438,23.040000915527344,23.68000030517578,27938.0
2024-08-30,23.68000030517578,24.15999984741211,23.280000686645508,23.360000610351562,14938.0
2024-09-03,23.040000915527344,24.079999923706055,22.399999618530273,23.84000015258789,40981.0
2024-09-04,23.68000030517578,24.639999389648438,23.040000915527344,24.15999984741211,24000.0
2024-09-05,24.31999969482422,24.639999389648438,23.040000915527344,23.040000915527344,25481.0
2024-09-06,22.8799991607666,24.079999923706055,22.399999618530273,23.68000030517578,35388.0
2024-09-09,24.15999984741211,25.440000534057617,23.360000610351562,23.68000030517578,14963.0
2024-09-10,23.68000030517578,23.68000030517578,22.8799991607666,22.8799991607666,14969.0
2024-09-11,22.559999465942383,24.15999984741211,21.280000686645508,22.8799991607666,58688.0
2024-09-12,22.8799991607666,26.079999923706055,22.559999465942383,24.479999542236328,53744.0
2024-09-13,24.639999389648438,25.760000228881836,23.360000610351562,23.84000015258789,20675.0
2024-09-16,23.84000015258789,25.1200008392334,23.520000457763672,24.0,17956.0
2024-09-17,24.15999984741211,25.1200008392334,22.91200065612793,24.0,23481.0
2024-09-18,24.0,24.639999389648438,23.360000610351562,23.360000610351562,15363.0
2024-09-19,24.0,25.1200008392334,24.0,24.31999969482422,15788.0
2024-09-20,24.479999542236328,24.479999542236328,23.68000030517578,24.479999542236328,19350.0
2024-09-23,24.31999969482422,24.31999969482422,22.719999313354492,22.8799991607666,24369.0
2024-09-24,22.8799991607666,23.055999755859375,21.920000076293945,22.239999771118164,24250.0
2024-09-25,22.079999923706055,22.239999771118164,21.1200008392334,21.440000534057617,24525.0
2024-09-26,21.600000381469727,22.719999313354492,21.600000381469727,22.399999618530273,15369.0
2024-09-27,22.399999618530273,23.84000015258789,22.239999771118164,22.8799991607666,25588.0
2024-09-30,23.84000015258789,24.15999984741211,22.719999313354492,23.040000915527344,23706.0
2024-10-01,22.559999465942383,24.0,22.31999969482422,22.719999313354492,162294.0
2024-10-02,22.399999618530273,24.0,21.920000076293945,23.84000015258789,156644.0
2024-10-03,23.520000457763672,23.520000457763672,22.239999771118164,22.719999313354492,15419.0
2024-10-04,22.719999313354492,23.200000762939453,22.399999618530273,22.719999313354492,7638.0
2024-10-07,22.719999313354492,23.84000015258789,22.079999923706055,22.559999465942383,11919.0
2024-10-08,22.559999465942383,23.360000610351562,22.239999771118164,22.8799991607666,13006.0
2024-10-09,23.040000915527344,23.040000915527344,22.399999618530273,22.719999313354492,14131.0
2024-10-10,22.559999465942383,23.1200008392334,21.920000076293945,22.399999618530273,15856.0
2024-10-11,22.559999465942383,23.040000915527344,21.760000228881836,22.239999771118164,15256.0
2024-10-14,22.239999771118164,22.399999618530273,21.760000228881836,22.079999923706055,14750.0
2024-10-15,22.079999923706055,22.719999313354492,22.079999923706055,22.399999618530273,12956.0
2024-10-16,23.040000915527344,24.15999984741211,22.239999771118164,23.84000015258789,34750.0
2024-10-17,24.0,24.0,23.200000762939453,23.68000030517578,12581.0
2024-10-18,23.360000610351562,24.15999984741211,23.200000762939453,23.200000762939453,11163.0
2024-10-21,23.360000610351562,24.15999984741211,22.719999313354492,23.84000015258789,14894.0
2024-10-22,23.360000610351562,24.639999389648438,23.360000610351562,24.31999969482422,19775.0
2024-10-23,24.0,24.31999969482422,22.799999237060547,23.040000915527344,11325.0
2024-10-24,23.360000610351562,23.360000610351562,22.399999618530273,22.719999313354492,11269.0
2024-10-25,22.559999465942383,23.360000610351562,22.399999618530273,22.399999618530273,7381.0
2024-10-28,22.559999465942383,23.68000030517578,22.559999465942383,22.8799991607666,10069.0
2024-10-29,22.8799991607666,23.200000762939453,22.559999465942383,22.559999465942383,9881.0
2024-10-30,22.399999618530273,22.8799991607666,21.600000381469727,21.760000228881836,16363.0
2024-10-31,22.079999923706055,22.719999313354492,20.15999984741211,20.479999542236328,18188.0
2024-11-01,20.799999237060547,20.799999237060547,20.0,20.0,15431.0
2024-11-04,20.0,20.799999237060547,19.200000762939453,20.15999984741211,29838.0
2024-11-05,20.15999984741211,22.239999771118164,20.0,20.959999084472656,31225.0
2024-11-06,20.959999084472656,21.440000534057617,20.31999969482422,20.799999237060547,30013.0
2024-11-07,20.799999237060547,22.079999923706055,20.799999237060547,21.280000686645508,31344.0
2024-11-08,21.280000686645508,22.399999618530273,20.479999542236328,20.959999084472656,34413.0
2024-11-11,20.959999084472656,21.360000610351562,19.520000457763672,20.15999984741211,42500.0
2024-11-12,20.479999542236328,20.479999542236328,18.8799991607666,19.200000762939453,52500.0
2024-11-13,19.200000762939453,19.360000610351562,17.760000228881836,18.239999771118164,68344.0
2024-11-14,18.399999618530273,18.719999313354492,16.479999542236328,16.799999237060547,59213.0
2024-11-15,16.15999984741211,16.639999389648438,14.880000114440918,15.152000427246094,68888.0
2024-11-18,16.0,16.15999984741211,15.199999809265137,15.48799991607666,43044.0
2024-11-19,15.887999534606934,17.440000534057617,15.760000228881836,16.479999542236328,39250.0
2024-11-20,16.639999389648438,16.959999084472656,15.088000297546387,15.472000122070312,64663.0
2024-11-21,15.472000122070312,15.680000305175781,14.592000007629395,14.62399959564209,53638.0
2024-11-22,14.5600004196167,15.199999809265137,14.175999641418457,14.399999618530273,73269.0
2024-11-25,14.51200008392334,15.055999755859375,14.319999694824219,14.46399974822998,102081.0
2024-11-26,14.880000114440918,16.15999984741211,14.880000114440918,15.359999656677246,92631.0
2024-11-27,15.84000015258789,17.920000076293945,15.359999656677246,17.760000228881836,82038.0
2024-11-29,17.920000076293945,18.559999465942383,17.440000534057617,18.079999923706055,38563.0
2024-12-02,18.239999771118164,19.040000915527344,17.600000381469727,17.920000076293945,49231.0
2024-12-03,17.600000381469727,18.079999923706055,16.799999237060547,17.600000381469727,47525.0
2024-12-04,17.440000534057617,18.079999923706055,15.84000015258789,16.239999771118164,61206.0
2024-12-05,16.31999969482422,16.31999969482422,14.720000267028809,15.791999816894531,61675.0
2024-12-06,15.520000457763672,16.959999084472656,15.37600040435791,16.799999237060547,22150.0
2024-12-09,16.959999084472656,17.968000411987305,16.639999389648438,16.959999084472656,23481.0
2024-12-10,16.639999389648438,17.600000381469727,16.479999542236328,16.959999084472656,30138.0
2024-12-11,16.959999084472656,16.959999084472656,16.15999984741211,16.31999969482422,15900.0
2024-12-12,16.31999969482422,16.639999389648438,15.359999656677246,15.583999633789062,28388.0
2024-12-13,15.359999656677246,15.64799976348877,14.5600004196167,15.4399995803833,43750.0
2024-12-16,15.4399995803833,15.631999969482422,14.751999855041504,15.407999992370605,34275.0
2024-12-17,15.039999961853027,15.680000305175781,14.5600004196167,15.279999732971191,30025.0
2024-12-18,15.359999656677246,15.616000175476074,14.04800033569336,14.319999694824219,35344.0
2024-12-19,14.720000267028809,14.767999649047852,12.960000038146973,13.760000228881836,59400.0
2024-12-20,14.064000129699707,14.67199993133545,13.760000228881836,14.5600004196167,39513.0
2024-12-23,14.5600004196167,14.576000213623047,13.760000228881836,14.303999900817871,30825.0
2024-12-24,14.288000106811523,14.880000114440918,13.616000175476074,14.656000137329102,34000.0
2024-12-26,14.720000267028809,15.359999656677246,14.128000259399414,15.359999656677246,19888.0
2024-12-27,15.359999656677246,15.600000381469727,14.51200008392334,14.815999984741211,20031.0
2024-12-30,14.399999618530273,14.5600004196167,13.744000434875488,14.416000366210938,33613.0
2024-12-31,14.5600004196167,15.53600025177002,14.095999717712402,15.392000198364258,25981.0
2025-01-02,15.456000328063965,15.84000015258789,15.088000297546387,15.583999633789062,23675.0
2025-01-03,15.84000015258789,17.760000228881836,15.583999633789062,15.887999534606934,66194.0
2025-01-06,15.84000015258789,17.440000534057617,15.37600040435791,17.440000534057617,64944.0
2025-01-07,16.799999237060547,17.280000686645508,15.680000305175781,15.711999893188477,36731.0
2025-01-08,15.807999610900879,15.84000015258789,14.736000061035156,15.359999656677246,29013.0
2025-01-10,15.199999809265137,15.871999740600586,14.272000312805176,14.67199993133545,25538.0
2025-01-13,14.416000366210938,14.5600004196167,13.631999969482422,14.0,30000.0
2025-01-14,14.239999771118164,14.704000473022461,13.616000175476074,14.543999671936035,25900.0
2025-01-15,14.720000267028809,15.039999961853027,14.208000183105469,14.880000114440918,13794.0
2025-01-16,15.039999961853027,15.071999549865723,14.079999923706055,14.720000267028809,13581.0
2025-01-17,14.5600004196167,14.831999778747559,14.079999923706055,14.527999877929688,13488.0
2025-01-21,14.720000267028809,15.199999809265137,14.239999771118164,15.02400016784668,13581.0
2025-01-22,15.168000221252441,15.168000221252441,14.496000289916992,14.687999725341797,9138.0
2025-01-23,14.880000114440918,15.359999656677246,14.399999618530273,15.088000297546387,17731.0
2025-01-24,15.071999549865723,15.199999809265137,14.479999542236328,14.751999855041504,4481.0
2025-01-27,14.479999542236328,15.199999809265137,14.416000366210938,14.5600004196167,5625.0
2025-01-28,14.239999771118164,14.5600004196167,13.984000205993652,14.303999900817871,9013.0
2025-01-29,14.5600004196167,14.880000114440918,14.079999923706055,14.432000160217285,10338.0
2025-01-30,14.399999618530273,14.736000061035156,13.920000076293945,14.239999771118164,20275.0
2025-01-31,14.399999618530273,14.46399974822998,13.920000076293945,14.15999984741211,6713.0
2025-02-03,13.871999740600586,14.5600004196167,13.600000381469727,14.368000030517578,11550.0
2025-02-04,14.35200023651123,14.847999572753906,14.064000129699707,14.720000267028809,11731.0
2025-02-05,15.968000411987305,16.799999237060547,13.760000228881836,16.15999984741211,1324425.0
2025-02-06,15.680000305175781,17.440000534057617,15.199999809265137,16.479999542236328,186138.0
2025-02-07,16.959999084472656,16.959999084472656,15.359999656677246,15.4399995803833,82819.0
2025-02-10,15.456000328063965,15.680000305175781,14.144000053405762,14.399999618530273,57956.0
2025-02-11,14.079999923706055,14.447999954223633,13.680000305175781,14.416000366210938,39413.0
2025-02-12,14.239999771118164,14.239999771118164,13.407999992370605,13.871999740600586,31713.0
2025-02-13,13.855999946594238,14.399999618530273,13.616000175476074,14.399999618530273,19750.0
2025-02-14,14.5600004196167,16.15999984741211,14.432000160217285,15.871999740600586,37288.0
2025-02-18,15.807999610900879,15.904000282287598,15.199999809265137,15.520000457763672,12888.0
2025-02-19,15.680000305175781,16.639999389648438,15.279999732971191,16.15999984741211,53494.0
2025-02-20,16.15999984741211,16.15999984741211,15.680000305175781,16.0,12700.0
2025-02-21,16.31999969482422,16.479999542236328,15.456000328063965,15.567999839782715,18925.0
2025-02-24,15.520000457763672,16.15999984741211,14.784000396728516,14.800000190734863,43913.0
2025-02-25,14.720000267028809,14.800000190734863,13.600000381469727,14.288000106811523,26075.0
2025-02-26,14.368000030517578,14.880000114440918,13.984000205993652,14.432000160217285,9531.0
2025-02-27,14.767999649047852,14.880000114440918,13.600000381469727,13.760000228881836,111206.0
2025-02-28,13.760000228881836,14.432000160217285,13.4399995803833,14.383999824523926,39894.0
2025-03-03,14.5600004196167,14.5600004196167,13.4399995803833,13.567999839782715,22638.0
2025-03-04,13.600000381469727,14.175999641418457,13.119999885559082,13.935999870300293,25056.0
2025-03-05,14.079999923706055,14.383999824523926,13.600000381469727,14.0,15413.0
2025-03-06,13.760000228881836,14.175999641418457,13.295999526977539,13.53600025177002,37188.0
2025-03-07,13.119999885559082,13.616000175476074,12.576000213623047,12.736000061035156,27431.0
2025-03-10,13.02400016784668,13.248000144958496,11.920000076293945,12.208000183105469,25888.0
2025-03-11,12.399999618530273,12.991999626159668,11.920000076293945,12.62399959564209,10994.0
2025-03-12,12.479999542236328,12.86400032043457,12.079999923706055,12.704000473022461,7625.0
2025-03-13,12.383999824523926,12.767999649047852,12.128000259399414,12.416000366210938,8581.0
2025-03-14,12.479999542236328,12.97599983215332,12.336000442504883,12.527999877929688,7519.0
2025-03-17,12.239999771118164,12.784000396728516,12.095999717712402,12.432000160217285,9025.0
2025-03-18,12.128000259399414,13.02400016784668,12.128000259399414,12.720000267028809,7844.0
2025-03-19,12.800000190734863,13.008000373840332,12.223999977111816,12.447999954223633,7831.0
2025-03-20,12.479999542236328,12.640000343322754,12.079999923706055,12.223999977111816,10863.0
2025-03-21,12.223999977111816,12.640000343322754,11.855999946594238,12.255999565124512,11650.0
2025-03-24,13.4399995803833,15.184000015258789,13.119999885559082,14.62399959564209,101325.0
2025-03-25,14.67199993133545,15.199999809265137,13.760000228881836,14.15999984741211,22400.0
2025-03-26,14.239999771118164,14.607999801635742,13.680000305175781,14.336000442504883,12788.0
2025-03-27,14.399999618530273,14.62399959564209,13.232000350952148,13.600000381469727,17300.0
2025-03-28,13.600000381469727,13.791999816894531,13.119999885559082,13.279999732971191,9506.0
2025-03-31,12.944000244140625,13.119999885559082,12.079999923706055,12.079999923706055,22125.0
2025-04-01,12.319999694824219,13.104000091552734,11.760000228881836,11.760000228881836,21719.0
2025-04-02,11.807999610900879,12.031999588012695,11.055999755859375,11.583999633789062,27269.0
2025-04-03,11.199999809265137,11.600000381469727,10.720000267028809,10.736000061035156,20194.0
2025-04-04,10.720000267028809,11.407999992370605,10.015999794006348,10.223999977111816,26763.0
2025-04-07,9.920000076293945,10.5600004196167,9.279999732971191,9.920000076293945,21956.0
2025-04-08,10.543999671936035,10.656000137329102,9.600000381469727,9.600000381469727,9931.0
2025-04-09,9.279999732971191,9.600000381469727,8.319999694824219,8.319999694824219,77213.0
2025-04-10,8.895999908447266,9.119999885559082,7.1519999504089355,7.1519999504089355,101175.0
2025-04-11,7.519999980926514,8.607999801635742,7.519999980926514,8.592000007629395,151425.0
2025-04-14,8.800000190734863,9.53600025177002,8.784000396728516,9.055999755859375,34875.0
2025-04-15,9.088000297546387,9.760000228881836,8.960000038146973,9.472000122070312,19550.0
2025-04-16,9.423999786376953,9.680000305175781,9.008000373840332,9.13599967956543,14663.0
2025-04-17,9.279999732971191,9.760000228881836,8.368000030517578,8.416000366210938,22594.0
2025-04-21,8.911999702453613,9.088000297546387,8.175999641418457,9.088000297546387,18369.0
2025-04-22,9.13599967956543,9.520000457763672,8.86400032043457,9.312000274658203,13675.0
2025-04-23,9.407999992370605,9.920000076293945,9.279999732971191,9.616000175476074,11075.0
2025-04-24,9.855999946594238,9.887999534606934,9.503999710083008,9.824000358581543,6319.0
2025-04-25,9.760000228881836,9.920000076293945,9.312000274658203,9.37600040435791,8050.0
2025-04-28,9.727999687194824,10.15999984741211,9.359999656677246,9.920000076293945,24856.0
2025-04-29,9.920000076293945,10.239999771118164,9.920000076293945,9.95199966430664,13225.0
2025-04-30,10.239999771118164,10.86400032043457,9.760000228881836,10.592000007629395,9456.0
2025-05-01,10.592000007629395,10.720000267028809,9.791999816894531,10.064000129699707,21394.0
2025-05-02,10.079999923706055,11.119999885559082,10.079999923706055,10.720000267028809,12250.0
2025-05-05,10.880000114440918,10.960000038146973,10.399999618530273,10.656000137329102,14694.0
2025-05-06,10.399999618530273,10.527999877929688,9.616000175476074,9.64799976348877,12844.0
2025-05-07,9.600000381469727,9.760000228881836,7.840000152587891,7.840000152587891,39538.0
2025-05-08,7.760000228881836,8.0,7.552000045776367,7.6479997634887695,33975.0
2025-05-09,9.4399995803833,10.432000160217285,8.0,9.760000228881836,248538.0
2025-05-12,10.399999618530273,11.824000358581543,10.399999618530273,11.53600025177002,96056.0
2025-05-13,11.168000221252441,11.359999656677246,10.416000366210938,10.687999725341797,38769.0
2025-05-14,10.640000343322754,10.736000061035156,10.15999984741211,10.319999694824219,32288.0
2025-05-15,10.319999694824219,10.5600004196167,10.079999923706055,10.208000183105469,24956.0
2025-05-16,10.399999618530273,12.432000160217285,10.095999717712402,12.432000160217285,122081.0
2025-05-19,11.4399995803833,11.503999710083008,10.880000114440918,11.295999526977539,29419.0
2025-05-20,11.232000350952148,12.0,11.232000350952148,11.984000205993652,22706.0
2025-05-21,11.359999656677246,11.520000457763672,10.399999618530273,11.199999809265137,30794.0
2025-05-22,11.359999656677246,11.680000305175781,10.880000114440918,11.503999710083008,24963.0
2025-05-23,11.359999656677246,11.520000457763672,10.720000267028809,11.104000091552734,31269.0
2025-05-27,11.168000221252441,11.359999656677246,10.496000289916992,11.199999809265137,31131.0
2025-05-28,11.008000373840332,11.199999809265137,10.15999984741211,10.447999954223633,65063.0
2025-05-29,10.416000366210938,11.520000457763672,10.399999618530273,11.520000457763672,29581.0
2025-05-30,11.199999809265137,11.48799991607666,11.199999809265137,11.48799991607666,14150.0
2025-06-02,11.48799991607666,12.640000343322754,11.168000221252441,11.984000205993652,43594.0
2025-06-03,12.0,12.5600004196167,11.37600040435791,12.46399974822998,26031.0
2025-06-04,12.15999984741211,12.800000190734863,12.064000129699707,12.656000137329102,19106.0
2025-06-05,12.479999542236328,12.751999855041504,11.520000457763672,12.0,22400.0
2025-06-06,12.0,12.640000343322754,11.680000305175781,12.112000465393066,26394.0
2025-06-09,12.0,12.319999694824219,11.84000015258789,12.303999900817871,20269.0
2025-06-10,12.383999824523926,13.279999732971191,12.0,13.119999885559082,28250.0
2025-06-11,13.392000198364258,13.4399995803833,12.192000389099121,12.5600004196167,16475.0
2025-06-12,12.5600004196167,12.800000190734863,12.015999794006348,12.479999542236328,15369.0
2025-06-13,12.144000053405762,12.656000137329102,11.744000434875488,12.0,21025.0
2025-06-16,11.84000015258789,11.920000076293945,11.039999961853027,11.456000328063965,27769.0
2025-06-17,11.760000228881836,11.760000228881836,10.751999855041504,10.751999855041504,17919.0
2025-06-18,11.039999961853027,11.199999809265137,10.640000343322754,10.704000473022461,17281.0
2025-06-20,10.800000190734863,10.880000114440918,10.5600004196167,10.720000267028809,16844.0
2025-06-23,10.720000267028809,10.847999572753906,10.0,10.15999984741211,33325.0
2025-06-24,10.079999923706055,10.944000244140625,10.0,10.46399974822998,19944.0
2025-06-25,10.720000267028809,10.880000114440918,10.255999565124512,10.527999877929688,22463.0
2025-06-26,10.62399959564209,10.880000114440918,10.239999771118164,10.736000061035156,38419.0
2025-06-27,10.880000114440918,11.02400016784668,10.0,10.015999794006348,23775.0
2025-06-30,10.079999923706055,10.399999618530273,9.680000305175781,9.760000228881836,46981.0
2025-07-01,9.920000076293945,10.239999771118164,9.760000228881836,9.776000022888184,25956.0
2025-07-02,9.760000228881836,10.079999923706055,9.663999557495117,9.824000358581543,22738.0
2025-07-03,9.904000282287598,9.95199966430664,9.279999732971191,9.711999893188477,34125.0
2025-07-07,10.319999694824219,10.447999954223633,9.920000076293945,10.383999824523926,29800.0
2025-07-08,10.447999954223633,11.199999809265137,10.383999824523926,10.928000450134277,25688.0
2025-07-09,11.359999656677246,11.4399995803833,10.928000450134277,11.407999992370605,24719.0
2025-07-10,11.199999809265137,12.112000465393066,11.152000427246094,11.84000015258789,34519.0
2025-07-11,11.48799991607666,12.15999984741211,11.279999732971191,12.0,30081.0
2025-07-14,12.0,12.46399974822998,11.680000305175781,12.46399974822998,22888.0
2025-07-15,12.15999984741211,12.751999855041504,12.0,12.192000389099121,12619.0
2025-07-16,12.319999694824219,12.640000343322754,12.064000129699707,12.479999542236328,17763.0
2025-07-17,12.319999694824219,13.119999885559082,12.223999977111816,12.640000343322754,20831.0
2025-07-18,12.640000343322754,12.800000190734863,12.031999588012695,12.15999984741211,16994.0
2025-07-21,12.319999694824219,12.479999542236328,11.552000045776367,11.84000015258789,14525.0
2025-07-22,11.680000305175781,12.319999694824219,11.680000305175781,12.031999588012695,11806.0
2025-07-23,12.15999984741211,13.119999885559082,12.15999984741211,13.055999755859375,32100.0
2025-07-24,12.800000190734863,12.960000038146973,12.015999794006348,12.416000366210938,27219.0
2025-07-25,12.399999618530273,12.479999542236328,12.079999923706055,12.35200023651123,7700.0
2025-07-28,12.368000030517578,12.368000030517578,12.015999794006348,12.031999588012695,9644.0
2025-07-29,12.15999984741211,12.239999771118164,10.815999984741211,11.248000144958496,64081.0
2025-07-30,11.199999809265137,11.935999870300293,11.008000373840332,11.263999938964844,22281.0
2025-07-31,11.199999809265137,11.64799976348877,10.800000190734863,10.97599983215332,19106.0
2025-08-01,11.039999961853027,11.13599967956543,10.5600004196167,10.736000061035156,16988.0
2025-08-04,10.736000061035156,11.184000015258789,10.62399959564209,11.008000373840332,9369.0
2025-08-05,11.279999732971191,11.744000434875488,11.279999732971191,11.520000457763672,7119.0
2025-08-06,11.520000457763672,11.520000457763672,11.02400016784668,11.215999603271484,13144.0
2025-08-07,10.911999702453613,11.423999786376953,10.911999702453613,10.991999626159668,5750.0
2025-08-08,10.880000114440918,11.039999961853027,9.935999870300293,9.935999870300293,148175.0
2025-08-11,10.128000259399414,10.687999725341797,9.343999862670898,9.53600025177002,107600.0
2025-08-12,9.600000381469727,10.399999618530273,9.552000045776367,10.223999977111816,46919.0
2025-08-13,10.399999618530273,11.088000297546387,10.239999771118164,10.97599983215332,60813.0
2025-08-14,10.720000267028809,11.119999885559082,10.144000053405762,10.399999618530273,51881.0
2025-08-15,10.255999565124512,11.071999549865723,10.04800033569336,10.479999542236328,19594.0
2025-08-18,10.46399974822998,11.760000228881836,10.416000366210938,11.600000381469727,57700.0
2025-08-19,11.552000045776367,11.680000305175781,10.399999618530273,10.5600004196167,45100.0
2025-08-20,11.039999961853027,11.520000457763672,10.239999771118164,10.239999771118164,61319.0
2025-08-21,10.239999771118164,11.184000015258789,10.175999641418457,10.928000450134277,77288.0
2025-08-22,10.991999626159668,12.0,10.991999626159668,11.631999969482422,44344.0
2025-08-25,11.680000305175781,11.904000282287598,11.039999961853027,11.37600040435791,29831.0
2025-08-26,11.520000457763672,11.871999740600586,11.359999656677246,11.791999816894531,14531.0
2025-08-27,11.855999946594238,12.239999771118164,11.855999946594238,12.095999717712402,22681.0
2025-08-28,12.175999641418457,12.432000160217285,12.095999717712402,12.144000053405762,13450.0
2025-08-29,12.255999565124512,12.272000312805176,11.520000457763672,11.520000457763672,12313.0
2025-09-02,11.824000358581543,11.84000015258789,11.423999786376953,11.744000434875488,17688.0
2025-09-03,11.583999633789062,12.0,11.583999633789062,11.680000305175781,14375.0
2025-09-04,11.520000457763672,11.680000305175781,11.071999549865723,11.407999992370605,21838.0
2025-09-05,11.520000457763672,11.680000305175781,11.199999809265137,11.520000457763672,22494.0
2025-09-08,11.359999656677246,12.383999824523926,11.039999961853027,12.208000183105469,44563.0
2025-09-09,12.319999694824219,13.295999526977539,11.84000015258789,12.86400032043457,54400.0
2025-09-10,12.640000343322754,13.600000381469727,12.479999542236328,12.847999572753906,25413.0
2025-09-11,12.815999984741211,14.35200023651123,12.815999984741211,14.112000465393066,34663.0
2025-09-12,13.760000228881836,14.175999641418457,12.432000160217285,12.960000038146973,33638.0
2025-09-15,12.960000038146973,13.199999809265137,12.383999824523926,12.831999778747559,20713.0
2025-09-16,12.831999778747559,13.359999656677246,12.800000190734863,12.991999626159668,12881.0
2025-09-17,12.831999778747559,12.991999626159668,12.128000259399414,12.15999984741211,16075.0
2025-09-18,12.15999984741211,13.248000144958496,12.15999984741211,12.960000038146973,23306.0
2025-09-19,13.119999885559082,13.407999992370605,12.640000343322754,12.720000267028809,31800.0
2025-09-22,12.767999649047852,13.392000198364258,12.479999542236328,13.13599967956543,16756.0
2025-09-23,13.119999885559082,13.871999740600586,13.02400016784668,13.279999732971191,20569.0
2025-09-24,13.4399995803833,13.760000228881836,13.039999961853027,13.680000305175781,19538.0
2025-09-25,13.920000076293945,13.95199966430664,13.295999526977539,13.423999786376953,24475.0
2025-09-26,13.279999732971191,13.503999710083008,12.960000038146973,13.4399995803833,14775.0
2025-09-29,13.4399995803833,13.4399995803833,12.704000473022461,13.295999526977539,28344.0
2025-09-30,12.928000450134277,13.279999732971191,12.800000190734863,12.960000038146973,31006.0
2025-10-01,12.800000190734863,13.279999732971191,12.800000190734863,13.152000427246094,19594.0
2025-10-02,13.119999885559082,13.279999732971191,12.62399959564209,13.248000144958496,20825.0
2025-10-03,12.86400032043457,13.503999710083008,12.86400032043457,13.359999656677246,56144.0
2025-10-06,13.760000228881836,16.479999542236328,13.4399995803833,16.0,104375.0
2025-10-07,15.13599967956543,15.616000175476074,12.640000343322754,13.64799976348877,1618688.0
2025-10-08,13.760000228881836,15.199999809265137,13.552000045776367,14.86400032043457,204975.0
2025-10-09,15.199999809265137,15.984000205993652,14.112000465393066,14.62399959564209,143469.0
2025-10-10,14.720000267028809,15.968000411987305,13.727999687194824,15.472000122070312,125969.0
2025-10-13,16.639999389648438,17.440000534057617,14.687999725341797,15.663999557495117,192525.0
2025-10-14,15.680000305175781,16.15999984741211,14.319999694824219,15.359999656677246,168881.0
2025-10-15,15.199999809265137,16.0,15.008000373840332,15.776000022888184,136719.0
2025-10-16,16.239999771118164,17.040000915527344,16.0,16.639999389648438,233200.0
2025-10-17,16.959999084472656,16.959999084472656,15.039999961853027,15.84000015258789,119475.0
2025-10-20,16.15999984741211,16.31999969482422,15.37600040435791,15.824000358581543,108206.0
2025-10-21,15.84000015258789,16.479999542236328,14.399999618530273,14.751999855041504,141969.0
2025-10-22,14.399999618530273,14.751999855041504,13.776000022888184,14.592000007629395,81094.0
2025-10-23,14.592000007629395,14.607999801635742,13.680000305175781,13.776000022888184,54000.0
2025-10-24,13.968000411987305,14.97599983215332,13.920000076293945,14.239999771118164,59719.0
2025-10-27,14.255999565124512,14.5600004196167,13.279999732971191,14.432000160217285,192181.0
2025-10-28,14.5600004196167,14.5600004196167,13.583999633789062,13.696000099182129,110050.0
2025-10-29,13.760000228881836,13.984000205993652,12.0,12.015999794006348,264669.0
2025-10-30,12.368000030517578,12.960000038146973,12.064000129699707,12.46399974822998,101663.0
2025-10-31,12.527999877929688,12.944000244140625,11.680000305175781,12.0,176575.0
2025-11-03,12.0,12.319999694824219,11.423999786376953,11.680000305175781,195694.0
2025-11-04,11.616000175476074,11.824000358581543,10.720000267028809,11.039999961853027,148844.0
2025-11-05,11.055999755859375,11.359999656677246,10.592000007629395,11.039999961853027,56500.0
2025-11-06,11.039999961853027,11.37600040435791,10.607999801635742,10.831999778747559,68213.0
2025-11-07,10.720000267028809,10.880000114440918,9.64799976348877,10.239999771118164,151988.0
2025-11-10,10.399999618530273,11.199999809265137,10.15999984741211,10.51200008392334,121531.0
2025-11-11,10.720000267028809,10.831999778747559,10.239999771118164,10.336000442504883,81781.0
2025-11-12,10.336000442504883,11.039999961853027,10.319999694824219,10.991999626159668,80306.0
2025-11-13,10.831999778747559,11.199999809265137,10.112000465393066,10.607999801635742,101719.0
2025-11-14,10.399999618530273,11.13599967956543,10.319999694824219,10.592000007629395,54275.0
2025-11-17,10.5600004196167,10.97599983215332,9.423999786376953,9.48799991607666,186731.0
2025-11-18,10.46399974822998,10.46399974822998,9.4399995803833,9.616000175476074,105269.0
2025-11-19,9.600000381469727,9.95199966430664,9.055999755859375,9.232000350952148,92313.0
2025-11-20,9.279999732971191,9.920000076293945,9.199999809265137,9.248000144958496,63775.0
2025-11-21,9.248000144958496,10.015999794006348,9.232000350952148,9.631999969482422,61369.0
2025-11-24,10.04800033569336,10.751999855041504,9.663999557495117,9.791999816894531,63150.0
2025-11-25,10.128000259399414,10.288000106811523,9.552000045776367,9.600000381469727,88744.0
2025-11-26,9.663999557495117,10.079999923706055,9.263999938964844,9.616000175476074,294400.0
2025-11-28,10.064000129699707,11.152000427246094,9.935999870300293,10.368000030517578,82231.0
2025-12-01,10.5600004196167,10.5600004196167,9.711999893188477,9.760000228881836,93375.0
2025-12-02,9.760000228881836,9.84000015258789,8.767999649047852,8.960000038146973,167644.0
2025-12-03,8.960000038146973,8.991999626159668,8.399999618530273,8.592000007629395,208838.0
2025-12-04,8.687999725341797,9.152000427246094,8.5600004196167,8.880000114440918,113294.0
2025-12-05,8.5600004196167,8.800000190734863,8.51200008392334,8.543999671936035,134275.0
2025-12-08,8.640000343322754,8.800000190734863,8.0,8.383999824523926,208850.0
2025-12-09,8.399999618530273,8.687999725341797,8.239999771118164,8.576000213623047,163513.0
2025-12-10,9.055999755859375,9.423999786376953,8.319999694824219,8.784000396728516,196225.0
2025-12-11,8.51200008392334,8.800000190734863,8.239999771118164,8.272000312805176,226869.0
2025-12-12,8.15999984741211,8.416000366210938,7.840000152587891,7.984000205993652,243081.0
2025-12-15,8.255999565124512,8.319999694824219,7.840000152587891,7.920000076293945,233081.0
2025-12-16,8.0,8.04800033569336,7.392000198364258,7.440000057220459,294144.0
2025-12-17,7.567999839782715,8.0,7.455999851226807,7.519999980926514,264744.0
2025-12-18,7.6479997634887695,7.935999870300293,7.519999980926514,7.519999980926514,95038.0
2025-12-19,7.455999851226807,8.175999641418457,7.360000133514404,7.9039998054504395,378875.0
2025-12-22,7.840000152587891,8.288000106811523,7.74399995803833,7.872000217437744,187275.0
2025-12-23,7.840000152587891,7.9679999351501465,7.552000045776367,7.776000022888184,105838.0
2025-12-24,7.776000022888184,8.319999694824219,7.776000022888184,8.303999900817871,86600.0
2025-12-26,7.535999774932861,8.368000030517578,7.519999980926514,8.319999694824219,185125.0
2025-12-29,8.031999588012695,8.239999771118164,7.840000152587891,7.872000217437744,168406.0
2025-12-30,7.96999979019165,8.319999694824219,7.619999885559082,7.929999828338623,271200.0
2025-12-31,7.840000152587891,8.84000015258789,7.840000152587891,8.420000076293945,261400.0
2026-01-02,8.430000305175781,8.819999694824219,8.329999923706055,8.819999694824219,732100.0
2026-01-05,8.829999923706055,9.050000190734863,7.940000057220459,8.149999618530273,282500.0
2026-01-06,8.100000381469727,8.25,7.96999979019165,8.050000190734863,163900.0
2026-01-07,8.069999694824219,8.550000190734863,8.069999694824219,8.449999809265137,116900.0
2026-01-08,8.34000015258789,8.399999618530273,8.02299976348877,8.09000015258789,170500.0
2026-01-09,8.170000076293945,8.21500015258789,7.929999828338623,8.029999732971191,149700.0
2026-01-12,8.050000190734863,8.079999923706055,7.699999809265137,7.809999942779541,190100.0
2026-01-13,7.78000020980835,8.319999694824219,7.71999979019165,8.289999961853027,112700.0
2026-01-14,8.329999923706055,8.5600004196167,8.199999809265137,8.289999961853027,92900.0
2026-01-15,8.300000190734863,8.5,7.900000095367432,7.940000057220459,113100.0
2026-01-16,7.900000095367432,8.300000190734863,7.869999885559082,8.279999732971191,137900.0
2026-01-20,8.119999885559082,8.180000305175781,7.829999923706055,7.900000095367432,308400.0
2026-01-21,8.130000114440918,8.550000190734863,7.760000228881836,8.069999694824219,248500.0
2026-01-22,8.15999984741211,8.449999809265137,8.050000190734863,8.399999618530273,242700.0
2026-01-23,8.3100004196167,8.529999732971191,8.170000076293945,8.4399995803833,110800.0
2026-01-26,8.470000267028809,9.0,8.350000381469727,8.699999809265137,134600.0
2026-01-27,8.680000305175781,8.949999809265137,8.175000190734863,8.539999961853027,122200.0
2026-01-28,8.539999961853027,8.550000190734863,8.279999732971191,8.449999809265137,74400.0
2026-01-29,8.449999809265137,8.520000457763672,8.260000228881836,8.5,50800.0
2026-01-30,8.40999984741211,8.5,7.880000114440918,7.989999771118164,170800.0
2026-02-02,7.900000095367432,8.135000228881836,7.809999942779541,7.980000019073486,108000.0
2026-02-03,7.960000038146973,8.100000381469727,7.639999866485596,7.699999809265137,82600.0
2026-02-04,7.699999809265137,7.849999904632568,7.360000133514404,7.429999828338623,176500.0
2026-02-05,7.349999904632568,7.349999904632568,6.4070000648498535,6.440000057220459,277700.0
2026-02-06,6.550000190734863,7.03000020980835,6.550000190734863,7.03000020980835,226000.0
2026-02-09,6.909999847412109,8.350000381469727,6.574999809265137,7.25,410400.0
2026-02-10,7.199999809265137,7.559999942779541,7.119999885559082,7.130000114440918,262600.0
2026-02-11,7.170000076293945,7.46999979019165,6.599999904632568,6.809999942779541,273900.0
2026-02-12,6.820000171661377,7.0,6.420000076293945,6.71999979019165,288000.0
2026-02-13,6.760000228881836,7.300000190734863,6.71999979019165,6.909999847412109,237300.0
2026-02-17,6.860000133514404,7.079999923706055,6.5,7.039999961853027,255200.0
2026-02-18,6.940000057220459,7.199999809265137,6.800000190734863,7.059999942779541,259500.0
2026-02-19,6.929999828338623,7.440000057220459,6.809999942779541,7.440000057220459,235500.0
2026-02-20,7.289999961853027,7.579999923706055,7.019999980926514,7.139999866485596,202100.0
2026-02-23,7.139999866485596,7.340000152587891,6.849999904632568,6.929999828338623,102200.0
2026-02-24,6.880000114440918,7.5,6.880000114440918,7.360000133514404,126200.0
2026-02-25,7.369999885559082,7.590000152587891,7.25,7.409999847412109,75100.0
2026-02-26,7.449999809265137,7.449999809265137,6.920000076293945,7.320000171661377,47100.0
2026-02-27,7.199999809265137,7.46999979019165,7.090000152587891,7.25,41800.0
2026-03-02,7.090000152587891,7.335000038146973,7.0,7.289999961853027,33200.0
2026-03-03,7.010000228881836,7.130000114440918,6.670000076293945,7.019999980926514,111400.0
2026-03-04,7.099999904632568,7.599999904632568,7.090000152587891,7.570000171661377,136100.0
2026-03-05,7.570000171661377,7.625,7.329999923706055,7.460000038146973,77300.0
2026-03-06,7.300000190734863,7.364999771118164,7.059999942779541,7.289999961853027,56800.0
2026-03-09,7.199999809265137,7.760000228881836,7.052999973297119,7.610000133514404,93700.0
2026-03-10,7.599999904632568,8.119999885559082,7.400000095367432,7.53000020980835,181100.0
2026-03-11,7.53000020980835,7.690000057220459,7.150000095367432,7.46999979019165,176300.0
2026-03-12,7.409999847412109,7.438000202178955,6.96999979019165,7.039999961853027,86400.0
2026-03-13,6.980000019073486,7.690000057220459,6.980000019073486,7.210000038146973,146300.0
2026-03-16,7.329999923706055,7.449999809265137,7.139999866485596,7.170000076293945,100000.0
2026-03-17,7.25,7.349999904632568,7.110000133514404,7.190000057220459,45200.0
2026-03-18,7.070000171661377,7.144000053405762,6.800000190734863,6.929999828338623,331500.0
2026-03-19,6.889999866485596,7.090000152587891,6.820000171661377,7.070000171661377,97300.0
2026-03-20,6.96999979019165,7.114999771118164,6.829999923706055,6.920000076293945,96200.0
2026-03-23,6.820000171661377,6.916999816894531,6.485000133514404,6.659999847412109,160300.0
2026-03-24,6.590000152587891,6.760000228881836,6.5,6.690000057220459,75400.0
2026-03-25,6.71999979019165,7.0,6.550000190734863,6.809999942779541,76400.0
2026-03-26,6.739999771118164,6.909999847412109,6.670000076293945,6.730000019073486,64000.0
2026-03-27,6.619999885559082,6.659999847412109,6.420000076293945,6.46999979019165,105100.0
2026-03-30,6.449999809265137,6.489999771118164,6.010000228881836,6.110000133514404,112700.0
2026-03-31,6.260000228881836,6.820000171661377,6.260000228881836,6.809999942779541,72900.0
2026-04-01,6.880000114440918,7.057000160217285,6.849999904632568,6.880000114440918,78000.0
2026-04-02,6.809999942779541,7.010000228881836,6.735000133514404,6.989999771118164,64000.0
2026-04-06,6.949999809265137,7.089000225067139,6.829999923706055,6.900000095367432,78300.0
2026-04-07,6.840000152587891,6.860000133514404,6.34499979019165,6.429999828338623,180700.0
2026-04-08,6.670000076293945,6.710000038146973,6.170000076293945,6.550000190734863,274300.0
2026-04-09,6.550000190734863,6.96999979019165,6.513000011444092,6.860000133514404,239600.0
2026-04-10,6.889999866485596,6.900000095367432,6.679999828338623,6.760000228881836,61700.0
2026-04-13,6.670000076293945,6.670000076293945,6.050000190734863,6.349999904632568,202500.0
2026-04-14,6.840000152587891,7.099999904632568,6.789999961853027,7.0,387100.0
2026-04-15,7.059999942779541,7.989999771118164,6.769999980926514,7.920000076293945,346200.0
2026-04-16,8.15999984741211,8.199999809265137,7.699999809265137,8.050000190734863,132100.0
2026-04-17,8.295000076293945,8.470000267028809,8.149999618530273,8.220000267028809,187400.0
2026-04-20,8.229999542236328,8.789999961853027,8.170000076293945,8.670000076293945,131600.0
2026-04-21,8.680000305175781,8.680000305175781,7.960000038146973,8.0600004196167,174600.0
2026-04-22,8.220000267028809,8.420000076293945,8.140000343322754,8.3100004196167,58400.0
2026-04-23,8.289999961853027,8.319999694824219,7.900000095367432,7.900000095367432,76900.0
2026-04-24,7.960000038146973,7.960000038146973,7.769999980926514,7.900000095367432,50300.0
2026-04-27,8.020000457763672,8.199999809265137,7.849999904632568,7.929999828338623,53200.0
2026-04-28,7.78000020980835,7.920000076293945,7.550000190734863,7.670000076293945,71300.0
2026-04-29,7.639999866485596,7.800000190734863,7.289999961853027,7.630000114440918,101200.0
2026-04-30,7.599999904632568,7.710000038146973,7.449999809265137,7.550000190734863,51400.0
2026-05-01,7.550000190734863,8.300000190734863,7.449999809265137,8.199999809265137,119200.0
2026-05-04,8.199999809265137,8.529999732971191,8.0600004196167,8.449999809265137,52700.0
2026-05-05,8.609999656677246,8.880000114440918,8.329999923706055,8.510000228881836,106500.0
2026-05-06,8.510000228881836,8.765000343322754,8.369999885559082,8.550000190734863,113000.0
2026-05-07,8.550000190734863,8.65999984741211,8.239999771118164,8.319999694824219,60100.0
2026-05-08,8.460000038146973,8.899999618530273,8.347000122070312,8.550000190734863,96800.0
2026-05-11,8.449999809265137,8.706000328063965,8.081000328063965,8.170000076293945,198700.0
2026-05-12,8.170000076293945,8.170000076293945,7.809999942779541,7.949999809265137,63500.0
2026-05-13,7.869999885559082,8.15999984741211,7.599999904632568,8.069999694824219,45700.0
2026-05-14,8.149999618530273,8.604999542236328,7.75,8.40999984741211,155200.0
2026-05-15,8.25,8.25,7.570000171661377,7.679999828338623,138800.0
2026-05-18,7.599999904632568,7.760000228881836,7.320000171661377,7.5,100900.0
2026-05-19,7.5,7.5,7.090000152587891,7.25,171400.0
2026-05-20,7.25,7.909999847412109,7.230000019073486,7.760000228881836,154100.0
2026-05-21,7.710000038146973,8.029999732971191,7.46999979019165,7.889999866485596,105800.0
2026-05-22,7.900000095367432,8.350000381469727,7.900000095367432,8.300000190734863,92000.0
2026-05-26,8.4399995803833,8.619999885559082,8.031000137329102,8.329999923706055,90200.0
2026-05-27,8.359999656677246,8.675000190734863,8.175000190734863,8.5,100400.0
2026-05-28,8.380000114440918,8.739999771118164,8.289999961853027,8.640000343322754,114300.0
2026-05-29,8.640000343322754,9.472999572753906,8.520000457763672,9.3100004196167,203700.0
2026-06-01,9.319999694824219,9.319999694824219,8.739999771118164,8.779999732971191,66800.0
2026-06-02,8.65999984741211,8.670000076293945,8.109999656677246,8.109999656677246,170800.0
2026-06-03,8.0600004196167,8.289999961853027,7.64300012588501,7.829999923706055,113700.0
2026-06-04,7.889999866485596,8.335000038146973,7.860000133514404,8.149999618530273,63300.0
2026-06-05,8.050000190734863,8.0600004196167,7.260000228881836,7.260000228881836,86300.0
2026-06-08,7.460000038146973,7.460000038146973,7.126999855041504,7.21999979019165,53600.0
2026-06-09,7.349999904632568,7.550000190734863,7.019999980926514,7.309999942779541,54600.0
2026-06-10,7.269999980926514,7.420000076293945,7.239999771118164,7.309999942779541,34800.0
2026-06-11,7.389999866485596,7.735000133514404,7.309999942779541,7.550000190734863,42100.0
2026-06-12,7.630000114440918,8.329999923706055,7.441999912261963,8.050000190734863,121700.0
2026-06-15,8.119999885559082,8.369000434875488,8.109999656677246,8.109999656677246,32000.0
2026-06-16,8.119999885559082,8.130000114440918,7.71999979019165,7.760000228881836,77700.0
2026-06-17,7.860000133514404,8.329999923706055,7.789999961853027,8.100000381469727,244200.0
2026-06-18,8.020000457763672,8.149999618530273,8.020000457763672,8.100000381469727,36400.0
2026-06-22,8.079999923706055,8.399999618530273,8.079999923706055,8.229999542236328,64400.0
2026-06-23,8.069999694824219,8.4399995803833,8.069999694824219,8.149999618530273,32100.0
2026-06-24,8.210000038146973,8.430000305175781,8.119999885559082,8.25,84500.0
2026-06-25,8.25,8.300000190734863,7.880000114440918,7.900000095367432,88600.0
2026-06-26,7.860000133514404,8.369999885559082,7.860000133514404,8.369999885559082,95600.0
2026-06-29,8.380000114440918,8.614999771118164,8.34000015258789,8.5600004196167,74300.0
2026-06-30,8.579999923706055,8.8100004196167,8.470000267028809,8.640000343322754,171800.0
2026-07-01,8.579999923706055,9.020000457763672,8.399999618530273,8.619999885559082,90100.0
2026-07-02,8.729999542236328,9.390000343322754,8.699999809265137,9.0,101100.0
2026-07-06,9.100000381469727,9.420000076293945,9.055000305175781,9.069999694824219,64600.0
2026-07-07,9.130000114440918,9.130000114440918,8.489999771118164,8.600000381469727,66200.0
2026-07-08,8.529999732971191,9.3100004196167,8.529999732971191,9.25,136300.0
2026-07-09,9.25,9.3149995803833,8.875,8.9399995803833,98300.0
2026-07-10,8.949999809265137,8.979999542236328,8.675000190734863,8.829999923706055,60800.0
2026-07-13,8.789999961853027,9.149999618530273,8.550000190734863,8.550000190734863,116400.0
2026-07-14,8.640000343322754,9.079999923706055,8.510000228881836,8.829999923706055,119800.0
2026-07-15,8.789999961853027,8.875,8.4350004196167,8.680000305175781,53900.0
2026-07-16,8.600000381469727,8.670000076293945,7.945000171661377,8.220000267028809,113700.0
2026-07-17,8.15999984741211,8.270000457763672,7.949999809265137,8.119999885559082,104900.0
