Date,Open,High,Low,Close,Volume
2021-10-29,12.84000015258789,18.040000915527344,12.84000015258789,15.890000343322754,5548500.0
2021-11-01,15.0600004196167,16.850000381469727,14.5,14.5,879000.0
2021-11-02,14.65999984741211,15.630000114440918,14.5,14.989999771118164,787600.0
2021-11-03,14.90999984741211,15.279999732971191,14.609999656677246,14.819999694824219,275300.0
2021-11-04,14.899999618530273,15.0,14.260000228881836,14.329999923706055,322000.0
2021-11-05,14.34000015258789,14.680000305175781,13.835000038146973,14.34000015258789,262500.0
2021-11-08,14.4399995803833,15.899999618530273,14.380000114440918,14.989999771118164,460300.0
2021-11-09,14.989999771118164,15.0,14.449999809265137,14.710000038146973,118300.0
2021-11-10,14.819999694824219,15.84000015258789,14.680000305175781,15.350000381469727,325200.0
2021-11-11,15.510000228881836,15.510000228881836,14.699999809265137,15.0600004196167,208800.0
2021-11-12,15.020000457763672,15.239999771118164,14.369999885559082,15.170000076293945,337800.0
2021-11-15,15.170000076293945,16.950000762939453,14.960000038146973,16.59000015258789,658000.0
2021-11-16,16.59000015258789,17.520000457763672,16.059999465942383,16.170000076293945,486000.0
2021-11-17,16.469999313354492,16.899999618530273,15.720000267028809,16.8700008392334,340400.0
2021-11-18,17.0,17.270000457763672,15.149999618530273,15.180000305175781,305600.0
2021-11-19,15.220000267028809,15.699999809265137,14.699999809265137,14.930000305175781,163300.0
2021-11-22,14.9399995803833,15.82699966430664,13.260000228881836,13.609999656677246,291800.0
2021-11-23,13.899999618530273,14.4399995803833,13.149999618530273,13.949999809265137,349200.0
2021-11-24,14.029999732971191,14.140000343322754,13.319999694824219,14.020000457763672,114300.0
2021-11-26,13.670000076293945,14.25,12.0,12.050000190734863,521500.0
2021-11-29,12.699999809265137,12.800000190734863,11.25,11.899999618530273,644000.0
2021-11-30,11.729999542236328,11.78499984741211,10.75,11.300000190734863,597600.0
2021-12-01,11.579999923706055,11.789999961853027,10.170000076293945,10.220000267028809,534100.0
2021-12-02,10.510000228881836,11.079999923706055,9.829999923706055,10.460000038146973,472300.0
2021-12-03,11.210000038146973,12.029999732971191,10.4399995803833,10.720000267028809,1118700.0
2021-12-06,10.520000457763672,11.229999542236328,9.869999885559082,11.029999732971191,404100.0
2021-12-07,11.010000228881836,12.380000114440918,11.010000228881836,12.210000038146973,327600.0
2021-12-08,12.350000381469727,13.050000190734863,12.0,13.010000228881836,253500.0
2021-12-09,12.850000381469727,14.0600004196167,12.850000381469727,13.40999984741211,244300.0
2021-12-10,13.5600004196167,13.890000343322754,12.899999618530273,13.039999961853027,150400.0
2021-12-13,13.029999732971191,13.420000076293945,12.479999542236328,12.710000038146973,174400.0
2021-12-14,12.489999771118164,12.489999771118164,11.829999923706055,11.880000114440918,110900.0
2021-12-15,11.9399995803833,12.630000114440918,11.26099967956543,12.5,220700.0
2021-12-16,12.630000114440918,13.390000343322754,11.989999771118164,12.15999984741211,259700.0
2021-12-17,12.0,12.75,11.970000267028809,12.0,955000.0
2021-12-20,12.0,12.550000190734863,11.899999618530273,12.399999618530273,163300.0
2021-12-21,12.670000076293945,13.90999984741211,12.5600004196167,13.739999771118164,174100.0
2021-12-22,13.649999618530273,14.5600004196167,13.529999732971191,14.430000305175781,104400.0
2021-12-23,14.329999923706055,14.800000190734863,14.135000228881836,14.510000228881836,121600.0
2021-12-27,14.609999656677246,15.819999694824219,14.5,15.729999542236328,112700.0
2021-12-28,15.8100004196167,16.31999969482422,15.270000457763672,15.460000038146973,195200.0
2021-12-29,15.460000038146973,16.969999313354492,14.71500015258789,16.850000381469727,368900.0
2021-12-30,16.899999618530273,18.260000228881836,16.701000213623047,17.989999771118164,230500.0
2021-12-31,18.139999389648438,18.479999542236328,17.09000015258789,17.190000534057617,261200.0
2022-01-03,17.219999313354492,17.538000106811523,15.729999542236328,15.930000305175781,225100.0
2022-01-04,16.0,16.0,15.020000457763672,15.90999984741211,121000.0
2022-01-05,15.920000076293945,16.479999542236328,15.149999618530273,15.239999771118164,89500.0
2022-01-06,15.300000190734863,15.5,14.350000381469727,14.380000114440918,127800.0
2022-01-07,14.510000228881836,14.59000015258789,13.803000450134277,14.069999694824219,90800.0
2022-01-10,13.989999771118164,14.609999656677246,13.253999710083008,14.479999542236328,121900.0
2022-01-11,14.479999542236328,16.6200008392334,14.3100004196167,16.239999771118164,186900.0
2022-01-12,16.350000381469727,16.6200008392334,15.720000267028809,16.079999923706055,160700.0
2022-01-13,16.170000076293945,16.459999084472656,15.664999961853027,15.760000228881836,45100.0
2022-01-14,15.579999923706055,15.59000015258789,14.130000114440918,15.100000381469727,156400.0
2022-01-18,14.6899995803833,15.229999542236328,14.109999656677246,14.619999885559082,136800.0
2022-01-19,14.720000267028809,14.850000381469727,13.51099967956543,13.869999885559082,180800.0
2022-01-20,14.050000190734863,14.510000228881836,13.300000190734863,13.5,123600.0
2022-01-21,13.380000114440918,14.041000366210938,12.859999656677246,12.979999542236328,287600.0
2022-01-24,12.404999732971191,13.170000076293945,11.619999885559082,12.989999771118164,178100.0
2022-01-25,12.720000267028809,14.029999732971191,12.079999923706055,13.760000228881836,250600.0
2022-01-26,13.960000038146973,14.699999809265137,13.0,13.5600004196167,136700.0
2022-01-27,13.680000305175781,13.694999694824219,12.550000190734863,13.0,166200.0
2022-01-28,12.890000343322754,13.880000114440918,12.850000381469727,13.869999885559082,147600.0
2022-01-31,13.710000038146973,14.739999771118164,13.710000038146973,14.710000038146973,145600.0
2022-02-01,14.960000038146973,15.0,13.84000015258789,14.420000076293945,122900.0
2022-02-02,14.510000228881836,14.920000076293945,13.199999809265137,13.850000381469727,96700.0
2022-02-03,13.550000190734863,13.8100004196167,13.149999618530273,13.59000015258789,44500.0
2022-02-04,13.59000015258789,13.760000228881836,12.859999656677246,13.630000114440918,96300.0
2022-02-07,13.670000076293945,14.050000190734863,12.949999809265137,13.270000457763672,86300.0
2022-02-08,13.180000305175781,14.180000305175781,12.960000038146973,14.119999885559082,131700.0
2022-02-09,14.3100004196167,14.899999618530273,14.109999656677246,14.609999656677246,232100.0
2022-02-10,14.260000228881836,15.4399995803833,13.960000038146973,14.119999885559082,142000.0
2022-02-11,14.119999885559082,15.010000228881836,13.40999984741211,14.010000228881836,136200.0
2022-02-14,14.050000190734863,14.40999984741211,13.210000038146973,13.470000267028809,69700.0
2022-02-15,13.6899995803833,14.130000114440918,13.529999732971191,14.119999885559082,112800.0
2022-02-16,14.0,14.399999618530273,13.600000381469727,14.25,194100.0
2022-02-17,14.149999618530273,14.699999809265137,12.789999961853027,13.130000114440918,109300.0
2022-02-18,13.3100004196167,13.579999923706055,13.050000190734863,13.15999984741211,221500.0
2022-02-22,12.920000076293945,13.479999542236328,12.5,13.079999923706055,51200.0
2022-02-23,13.380000114440918,13.949999809265137,12.760000228881836,12.829999923706055,106200.0
2022-02-24,12.25,13.710000038146973,11.90999984741211,13.699999809265137,86200.0
2022-02-25,13.930000305175781,14.359999656677246,13.359999656677246,14.09000015258789,67800.0
2022-02-28,13.930000305175781,14.100000381469727,13.300000190734863,13.539999961853027,90300.0
2022-03-01,13.539999961853027,13.649999618530273,12.829999923706055,13.09000015258789,136200.0
2022-03-02,13.229999542236328,13.449999809265137,12.970000267028809,13.0600004196167,83900.0
2022-03-03,13.430000305175781,13.430000305175781,12.609999656677246,13.15999984741211,68400.0
2022-03-04,12.960000038146973,13.130000114440918,12.699999809265137,12.9399995803833,118500.0
2022-03-07,13.15999984741211,13.699999809265137,12.270000457763672,12.359999656677246,223600.0
2022-03-08,12.520000457763672,12.84000015258789,12.039999961853027,12.09000015258789,158300.0
2022-03-09,12.5,13.609999656677246,12.420000076293945,13.289999961853027,140800.0
2022-03-10,13.0,13.489999771118164,12.75,13.289999961853027,224800.0
2022-03-11,13.449999809265137,14.359999656677246,13.100000381469727,13.279999732971191,113400.0
2022-03-14,13.640000343322754,13.640000343322754,11.779999732971191,11.84000015258789,230900.0
2022-03-15,12.010000228881836,12.604999542236328,11.470000267028809,12.5,262900.0
2022-03-16,12.520000457763672,13.1899995803833,11.989999771118164,12.9399995803833,217000.0
2022-03-17,12.869999885559082,13.699999809265137,12.6899995803833,13.619999885559082,195200.0
2022-03-18,13.600000381469727,14.600000381469727,13.074999809265137,13.920000076293945,522200.0
2022-03-21,14.020000457763672,14.512999534606934,12.704999923706055,13.369999885559082,177900.0
2022-03-22,13.319999694824219,14.335000038146973,13.319999694824219,14.010000228881836,104100.0
2022-03-23,13.800000190734863,14.09000015258789,12.765000343322754,13.15999984741211,172400.0
2022-03-24,13.149999618530273,13.949999809265137,13.029999732971191,13.90999984741211,68100.0
2022-03-25,13.800000190734863,13.850000381469727,13.380000114440918,13.510000228881836,80900.0
2022-03-28,13.539999961853027,14.420000076293945,13.239999771118164,13.779999732971191,132200.0
2022-03-29,13.770000457763672,14.25,13.71500015258789,13.979999542236328,106700.0
2022-03-30,13.90999984741211,14.039999961853027,13.359999656677246,13.569999694824219,58500.0
2022-03-31,13.619999885559082,13.960000038146973,13.039999961853027,13.680000305175781,164700.0
2022-04-01,13.680000305175781,14.289999961853027,13.670000076293945,13.989999771118164,129300.0
2022-04-04,14.149999618530273,14.196000099182129,13.484000205993652,13.859999656677246,67200.0
2022-04-05,13.859999656677246,14.039999961853027,13.279000282287598,13.649999618530273,267300.0
2022-04-06,13.369999885559082,13.854999542236328,12.789999961853027,13.449999809265137,260800.0
2022-04-07,13.4399995803833,13.609999656677246,12.880000114440918,13.260000228881836,148000.0
2022-04-08,13.260000228881836,13.289999961853027,12.913999557495117,13.140000343322754,211300.0
2022-04-11,13.130000114440918,13.130000114440918,12.029999732971191,12.149999618530273,334500.0
2022-04-12,12.270000457763672,12.779999732971191,12.029999732971191,12.270000457763672,288800.0
2022-04-13,12.260000228881836,12.869999885559082,12.0,12.649999618530273,308700.0
2022-04-14,12.670000076293945,12.8149995803833,12.0,12.199999809265137,102900.0
2022-04-18,12.130000114440918,12.505000114440918,11.34000015258789,11.609999656677246,190900.0
2022-04-19,11.59000015258789,12.005000114440918,11.5600004196167,11.779999732971191,148300.0
2022-04-20,11.800000190734863,11.800000190734863,11.300000190734863,11.430000305175781,251400.0
2022-04-21,11.539999961853027,11.630000114440918,10.760000228881836,10.8100004196167,222200.0
2022-04-22,10.899999618530273,11.020000457763672,10.210000038146973,10.350000381469727,260000.0
2022-04-25,10.15999984741211,11.460000038146973,10.130000114440918,11.199999809265137,215300.0
2022-04-26,11.010000228881836,11.130000114440918,10.5600004196167,10.569999694824219,91100.0
2022-04-27,10.649999618530273,10.880000114440918,10.380000114440918,10.569999694824219,127400.0
2022-04-28,10.760000228881836,11.050000190734863,10.279999732971191,10.869999885559082,132900.0
2022-04-29,10.75,10.989999771118164,10.380000114440918,10.470000267028809,70200.0
2022-05-02,10.489999771118164,10.670000076293945,10.21500015258789,10.609999656677246,119100.0
2022-05-03,10.65999984741211,10.800000190734863,10.140000343322754,10.329999923706055,80600.0
2022-05-04,10.319999694824219,10.520000457763672,9.920000076293945,10.329999923706055,207000.0
2022-05-05,10.220000267028809,10.449999809265137,9.930000305175781,10.09000015258789,120300.0
2022-05-06,10.130000114440918,10.350000381469727,9.699999809265137,9.960000038146973,200400.0
2022-05-09,10.069999694824219,10.069999694824219,8.720000267028809,8.800000190734863,207200.0
2022-05-10,9.15999984741211,9.3100004196167,8.164999961853027,8.510000228881836,269100.0
2022-05-11,8.630000114440918,9.0,7.960000038146973,8.140000343322754,359800.0
2022-05-12,8.069999694824219,8.579999923706055,7.980000019073486,8.579999923706055,304900.0
2022-05-13,8.75,9.760000228881836,8.75,8.819999694824219,289500.0
2022-05-16,8.699999809265137,8.770000457763672,7.409999847412109,7.539999961853027,316900.0
2022-05-17,7.670000076293945,8.3149995803833,7.059999942779541,8.220000267028809,315600.0
2022-05-18,8.0600004196167,8.380000114440918,7.53000020980835,7.690000057220459,173900.0
2022-05-19,7.619999885559082,8.350000381469727,7.519999980926514,8.010000228881836,161400.0
2022-05-20,8.220000267028809,8.489999771118164,8.079999923706055,8.319999694824219,222800.0
2022-05-23,8.470000267028809,8.5,8.109999656677246,8.34000015258789,104700.0
2022-05-24,8.15999984741211,8.210000038146973,7.71999979019165,7.909999847412109,200500.0
2022-05-25,7.880000114440918,8.25,7.755000114440918,8.170000076293945,101500.0
2022-05-26,8.3100004196167,8.899999618530273,8.149999618530273,8.5600004196167,159400.0
2022-05-27,8.630000114440918,9.350000381469727,8.420000076293945,9.260000228881836,176200.0
2022-05-31,9.119999885559082,9.229999542236328,8.75,8.819999694824219,180000.0
2022-06-01,8.869999885559082,9.010000228881836,8.649999618530273,8.760000228881836,119000.0
2022-06-02,8.720000267028809,9.319999694824219,8.710000038146973,9.15999984741211,114100.0
2022-06-03,9.020000457763672,9.145000457763672,8.609999656677246,8.850000381469727,85000.0
2022-06-06,9.010000228881836,9.1899995803833,8.779999732971191,8.869999885559082,104800.0
2022-06-07,8.779999732971191,9.010000228881836,8.53499984741211,9.010000228881836,86400.0
2022-06-08,9.0,9.460000038146973,8.880000114440918,9.079999923706055,97000.0
2022-06-09,8.949999809265137,9.020000457763672,8.619999885559082,8.649999618530273,146400.0
2022-06-10,8.539999961853027,8.670000076293945,8.039999961853027,8.319999694824219,146200.0
2022-06-13,7.869999885559082,8.3100004196167,7.800000190734863,8.1899995803833,185100.0
2022-06-14,8.25,8.380000114440918,7.690000057220459,7.920000076293945,193800.0
2022-06-15,8.0,8.640000343322754,7.840000152587891,8.170000076293945,116700.0
2022-06-16,7.590000152587891,7.590000152587891,6.079999923706055,6.349999904632568,826100.0
2022-06-17,6.670000076293945,6.800000190734863,5.809999942779541,5.980000019073486,529700.0
2022-06-21,6.099999904632568,6.409999847412109,5.840000152587891,6.300000190734863,378000.0
2022-06-22,6.130000114440918,6.7829999923706055,6.130000114440918,6.599999904632568,176600.0
2022-06-23,6.579999923706055,6.840000152587891,6.440000057220459,6.599999904632568,83300.0
2022-06-24,6.75,7.269999980926514,6.710000038146973,6.760000228881836,822200.0
2022-06-27,6.849999904632568,7.099999904632568,6.630000114440918,6.75,171300.0
2022-06-28,6.760000228881836,6.849999904632568,6.059999942779541,6.179999828338623,275600.0
2022-06-29,6.199999809265137,6.199999809265137,5.800000190734863,6.170000076293945,197800.0
2022-06-30,6.199999809265137,6.199999809265137,5.889999866485596,5.929999828338623,83500.0
2022-07-01,5.920000076293945,6.170000076293945,5.789999961853027,6.150000095367432,66100.0
2022-07-05,5.989999771118164,6.21999979019165,5.929999828338623,6.199999809265137,80300.0
2022-07-06,6.289999961853027,6.369999885559082,5.920000076293945,5.980000019073486,152300.0
2022-07-07,6.099999904632568,7.269999980926514,6.059999942779541,6.574999809265137,520200.0
2022-07-08,6.46999979019165,6.679999828338623,6.353000164031982,6.5,116100.0
2022-07-11,6.489999771118164,6.534999847412109,6.079999923706055,6.170000076293945,133200.0
2022-07-12,6.260000228881836,6.78000020980835,6.190000057220459,6.360000133514404,108600.0
2022-07-13,6.190000057220459,6.429999828338623,6.090000152587891,6.369999885559082,98600.0
2022-07-14,6.199999809265137,6.230000019073486,5.929999828338623,6.150000095367432,165500.0
2022-07-15,6.329999923706055,6.46999979019165,6.190000057220459,6.349999904632568,53600.0
2022-07-18,6.429999828338623,6.679999828338623,6.349999904632568,6.360000133514404,82700.0
2022-07-19,6.46999979019165,6.869999885559082,6.070000171661377,6.849999904632568,101100.0
2022-07-20,6.809999942779541,7.375,6.809999942779541,7.300000190734863,237000.0
2022-07-21,7.179999828338623,7.409999847412109,7.079999923706055,7.199999809265137,77900.0
2022-07-22,7.269999980926514,7.269999980926514,6.650000095367432,6.739999771118164,70700.0
2022-07-25,6.849999904632568,7.190000057220459,6.679999828338623,7.010000228881836,73800.0
2022-07-26,7.0,7.170000076293945,6.820000171661377,6.940000057220459,63200.0
2022-07-27,6.989999771118164,7.449999809265137,6.96999979019165,7.340000152587891,90800.0
2022-07-28,7.25,7.869999885559082,7.059999942779541,7.699999809265137,113800.0
2022-07-29,7.650000095367432,7.88700008392334,7.53000020980835,7.769999980926514,90500.0
2022-08-01,7.860000133514404,8.069999694824219,7.349999904632568,7.619999885559082,199200.0
2022-08-02,7.519999980926514,8.050000190734863,7.269999980926514,7.739999771118164,66700.0
2022-08-03,7.829999923706055,8.420000076293945,7.690000057220459,8.15999984741211,129800.0
2022-08-04,8.130000114440918,8.319999694824219,8.109999656677246,8.15999984741211,42800.0
2022-08-05,8.010000228881836,8.369999885559082,7.882999897003174,8.329999923706055,123000.0
2022-08-08,8.4399995803833,9.619999885559082,8.1899995803833,9.010000228881836,370400.0
2022-08-09,8.880000114440918,9.149999618530273,8.550000190734863,8.770000457763672,360500.0
2022-08-10,9.039999961853027,9.460000038146973,8.9399995803833,9.279999732971191,93900.0
2022-08-11,9.390000343322754,9.649999618530273,8.770000457763672,8.880000114440918,239600.0
2022-08-12,10.890000343322754,11.75,10.34000015258789,11.199999809265137,689600.0
2022-08-15,11.199999809265137,11.210000038146973,10.65999984741211,10.710000038146973,150600.0
2022-08-16,10.760000228881836,11.130000114440918,10.460000038146973,10.9399995803833,133800.0
2022-08-17,10.770000457763672,11.029999732971191,10.390000343322754,10.600000381469727,128300.0
2022-08-18,10.489999771118164,10.880000114440918,10.260000228881836,10.75,87100.0
2022-08-19,10.630000114440918,11.057000160217285,10.050000190734863,10.210000038146973,92500.0
2022-08-22,10.079999923706055,10.369999885559082,9.859999656677246,9.9399995803833,113600.0
2022-08-23,10.0600004196167,10.135000228881836,9.710000038146973,9.8100004196167,88700.0
2022-08-24,9.859999656677246,10.079999923706055,9.84000015258789,9.890000343322754,129500.0
2022-08-25,9.550000190734863,9.770000457763672,9.170000076293945,9.220000267028809,157400.0
2022-08-26,9.239999771118164,9.246999740600586,8.899999618530273,8.949999809265137,85900.0
2022-08-29,8.84000015258789,9.09000015258789,8.774999618530273,8.9399995803833,80000.0
2022-08-30,9.050000190734863,9.050000190734863,8.583999633789062,8.819999694824219,117000.0
2022-08-31,8.869999885559082,8.989999771118164,8.699999809265137,8.720000267028809,42400.0
2022-09-01,8.649999618530273,8.859999656677246,8.34000015258789,8.829999923706055,65700.0
2022-09-02,8.989999771118164,8.989999771118164,8.539999961853027,8.630000114440918,60700.0
2022-09-06,8.670000076293945,8.670000076293945,8.100000381469727,8.59000015258789,97700.0
2022-09-07,8.640000343322754,8.779999732971191,8.420000076293945,8.720000267028809,80600.0
2022-09-08,8.569999694824219,9.020000457763672,8.569999694824219,9.0,51000.0
2022-09-09,9.079999923706055,9.289999961853027,9.015000343322754,9.25,66900.0
2022-09-12,9.300000190734863,9.300000190734863,9.010000228881836,9.119999885559082,45400.0
2022-09-13,8.760000228881836,8.890000343322754,8.40999984741211,8.510000228881836,66000.0
2022-09-14,8.489999771118164,8.583999633789062,8.289999961853027,8.449999809265137,39600.0
2022-09-15,8.420000076293945,8.989999771118164,8.270000457763672,8.4399995803833,47200.0
2022-09-16,8.220000267028809,8.420000076293945,8.020000457763672,8.079999923706055,107000.0
2022-09-19,8.010000228881836,8.319999694824219,7.940000057220459,8.039999961853027,65600.0
2022-09-20,7.920000076293945,8.133000373840332,7.703999996185303,7.78000020980835,57700.0
2022-09-21,7.869999885559082,7.869999885559082,7.139999866485596,7.389999866485596,182000.0
2022-09-22,7.409999847412109,7.46999979019165,6.929999828338623,7.159999847412109,154000.0
2022-09-23,7.03000020980835,7.199999809265137,6.429999828338623,6.730000019073486,159400.0
2022-09-26,6.71999979019165,7.610000133514404,6.619999885559082,6.710000038146973,76300.0
2022-09-27,6.889999866485596,6.889999866485596,6.349999904632568,6.440000057220459,131300.0
2022-09-28,6.570000171661377,7.0,6.340000152587891,6.71999979019165,200000.0
2022-09-29,6.550000190734863,6.699999809265137,6.300000190734863,6.539999961853027,127700.0
2022-09-30,6.349999904632568,6.815000057220459,6.300000190734863,6.429999828338623,105500.0
2022-10-03,6.599999904632568,6.760000228881836,6.380000114440918,6.65500020980835,101500.0
2022-10-04,6.840000152587891,7.170000076293945,6.510000228881836,7.0,218400.0
2022-10-05,6.929999828338623,7.159999847412109,6.670000076293945,7.079999923706055,166700.0
2022-10-06,7.010000228881836,7.135000228881836,6.940000057220459,6.989999771118164,41600.0
2022-10-07,6.840000152587891,6.900000095367432,6.510000228881836,6.619999885559082,86600.0
2022-10-10,6.519999980926514,6.6529998779296875,6.429999828338623,6.489999771118164,37100.0
2022-10-11,6.559999942779541,6.559999942779541,6.21999979019165,6.320000171661377,46400.0
2022-10-12,6.409999847412109,6.420000076293945,6.03000020980835,6.210000038146973,35100.0
2022-10-13,6.050000190734863,6.449999809265137,5.829999923706055,6.369999885559082,116400.0
2022-10-14,6.570000171661377,6.639999866485596,6.079999923706055,6.179999828338623,100500.0
2022-10-17,6.320000171661377,6.559999942779541,6.079999923706055,6.320000171661377,51800.0
2022-10-18,6.570000171661377,6.980000019073486,6.269999980926514,6.440000057220459,159400.0
2022-10-19,6.389999866485596,6.579999923706055,5.889999866485596,6.179999828338623,115200.0
2022-10-20,6.190000057220459,6.429999828338623,6.050000190734863,6.070000171661377,45900.0
2022-10-21,6.130000114440918,6.269999980926514,5.889999866485596,6.170000076293945,78700.0
2022-10-24,6.260000228881836,6.329999923706055,5.820000171661377,6.090000152587891,183100.0
2022-10-25,6.110000133514404,6.329999923706055,6.039999961853027,6.329999923706055,252800.0
2022-10-26,6.349999904632568,6.5960001945495605,6.295000076293945,6.440000057220459,99500.0
2022-10-27,6.489999771118164,6.940000057220459,6.289999961853027,6.849999904632568,162900.0
2022-10-28,6.860000133514404,6.920000076293945,6.519999980926514,6.840000152587891,220600.0
2022-10-31,6.78000020980835,6.809999942779541,6.679999828338623,6.78000020980835,93600.0
2022-11-01,6.860000133514404,7.014999866485596,6.820000171661377,6.900000095367432,126400.0
2022-11-02,6.909999847412109,6.909999847412109,6.110000133514404,6.130000114440918,272400.0
2022-11-03,6.090000152587891,6.210000038146973,5.769999980926514,5.800000190734863,167600.0
2022-11-04,5.900000095367432,6.059999942779541,5.260000228881836,5.349999904632568,339900.0
2022-11-07,5.380000114440918,5.409999847412109,4.880000114440918,5.179999828338623,493300.0
2022-11-08,5.119999885559082,5.119999885559082,4.420000076293945,4.809999942779541,424200.0
2022-11-09,5.0,5.0,4.449999809265137,4.550000190734863,422200.0
2022-11-10,4.730000019073486,5.0,4.360000133514404,4.730000019073486,802100.0
2022-11-11,3.2300000190734863,3.6700000762939453,3.2300000190734863,3.2799999713897705,1682000.0
2022-11-14,3.1600000858306885,3.2100000381469727,2.690000057220459,2.700000047683716,1830800.0
2022-11-15,2.759999990463257,3.200000047683716,2.759999990463257,3.0899999141693115,977500.0
2022-11-16,3.5,3.9800000190734863,3.390000104904175,3.5199999809265137,2478700.0
2022-11-17,3.4600000381469727,3.490000009536743,3.180000066757202,3.299999952316284,478600.0
2022-11-18,3.5,3.7899999618530273,3.305999994277954,3.4100000858306885,461000.0
2022-11-21,3.359999895095825,3.390000104904175,3.130000114440918,3.140000104904175,273000.0
2022-11-22,3.1700000762939453,3.180000066757202,3.0269999504089355,3.0999999046325684,265200.0
2022-11-23,3.0999999046325684,3.5399999618530273,3.049999952316284,3.384999990463257,261600.0
2022-11-25,3.3499999046325684,3.380000114440918,3.253000020980835,3.3399999141693115,52800.0
2022-11-28,3.309999942779541,3.450000047683716,3.2100000381469727,3.259999990463257,165400.0
2022-11-29,3.3399999141693115,3.4100000858306885,3.190000057220459,3.390000104904175,164400.0
2022-11-30,3.4600000381469727,3.6449999809265137,3.375999927520752,3.5799999237060547,231200.0
2022-12-01,3.5899999141693115,3.7100000381469727,3.5399999618530273,3.619999885559082,98900.0
2022-12-02,3.549999952316284,3.7200000286102295,3.3259999752044678,3.6700000762939453,132900.0
2022-12-05,3.5899999141693115,3.7200000286102295,3.450000047683716,3.5199999809265137,217400.0
2022-12-06,3.5,3.5,3.194999933242798,3.2799999713897705,234400.0
2022-12-07,3.4000000953674316,3.490000009536743,3.177999973297119,3.2200000286102295,128600.0
2022-12-08,3.2300000190734863,3.325000047683716,3.1649999618530273,3.240000009536743,130700.0
2022-12-09,3.200000047683716,3.365000009536743,3.1700000762939453,3.2200000286102295,132300.0
2022-12-12,3.2100000381469727,3.2699999809265137,3.0899999141693115,3.1500000953674316,179500.0
2022-12-13,3.259999990463257,3.4000000953674316,3.1600000858306885,3.259999990463257,193700.0
2022-12-14,3.25,3.430000066757202,3.2200000286102295,3.2799999713897705,364100.0
2022-12-15,3.200000047683716,3.319999933242798,3.130000114440918,3.1500000953674316,326900.0
2022-12-16,3.140000104904175,3.2269999980926514,2.9600000381469727,3.1500000953674316,332600.0
2022-12-19,3.2100000381469727,3.2100000381469727,3.0199999809265137,3.0799999237060547,204900.0
2022-12-20,3.0799999237060547,3.2899999618530273,3.075000047683716,3.2100000381469727,165400.0
2022-12-21,3.299999952316284,3.5299999713897705,3.2899999618530273,3.380000114440918,331600.0
2022-12-22,3.3299999237060547,3.359999895095825,3.200000047683716,3.3399999141693115,111400.0
2022-12-23,3.319999933242798,3.390000104904175,3.2200000286102295,3.319999933242798,141200.0
2022-12-27,3.450000047683716,3.4600000381469727,3.234999895095825,3.3299999237060547,230200.0
2022-12-28,3.4000000953674316,3.6419999599456787,3.390000104904175,3.4000000953674316,236600.0
2022-12-29,3.450000047683716,3.6500000953674316,3.450000047683716,3.619999885559082,154800.0
2022-12-30,3.569999933242798,3.7200000286102295,3.509999990463257,3.700000047683716,195000.0
2023-01-03,3.75,3.809999942779541,3.5999999046325684,3.7100000381469727,201700.0
2023-01-04,3.75,3.875,3.7100000381469727,3.819999933242798,144200.0
2023-01-05,3.7899999618530273,3.9059998989105225,3.7100000381469727,3.75,244200.0
2023-01-06,3.75,4.21999979019165,3.75,4.119999885559082,616700.0
2023-01-09,4.170000076293945,4.769999980926514,4.059999942779541,4.519999980926514,664200.0
2023-01-10,4.480000019073486,4.764999866485596,4.480000019073486,4.71999979019165,301800.0
2023-01-11,4.730000019073486,4.849999904632568,4.619999885559082,4.829999923706055,262700.0
2023-01-12,4.789999961853027,5.130000114440918,4.664999961853027,5.090000152587891,205700.0
2023-01-13,4.960000038146973,5.199999809265137,4.934000015258789,4.980000019073486,130800.0
2023-01-17,4.96999979019165,5.050000190734863,4.579999923706055,4.679999828338623,489300.0
2023-01-18,4.670000076293945,4.894999980926514,4.409999847412109,4.590000152587891,421900.0
2023-01-19,4.539999961853027,5.090000152587891,4.5,4.920000076293945,385600.0
2023-01-20,5.010000228881836,5.275000095367432,4.929999828338623,5.019999980926514,296800.0
2023-01-23,4.960000038146973,5.349999904632568,4.960000038146973,5.309999942779541,243100.0
2023-01-24,5.239999771118164,5.739999771118164,5.239999771118164,5.550000190734863,337100.0
2023-01-25,5.449999809265137,5.659999847412109,5.264999866485596,5.579999923706055,190500.0
2023-01-26,5.639999866485596,5.75,5.320000171661377,5.510000228881836,121900.0
2023-01-27,5.449999809265137,5.690000057220459,5.440000057220459,5.619999885559082,192100.0
2023-01-30,5.550000190734863,5.800000190734863,5.440000057220459,5.449999809265137,161600.0
2023-01-31,5.46999979019165,5.909999847412109,5.46999979019165,5.820000171661377,162400.0
2023-02-01,5.75,6.255000114440918,5.75,6.25,245700.0
2023-02-02,6.289999961853027,6.730000019073486,6.289999961853027,6.699999809265137,555000.0
2023-02-03,6.610000133514404,7.15500020980835,6.570000171661377,7.03000020980835,353000.0
2023-02-06,6.989999771118164,7.900000095367432,6.918000221252441,7.659999847412109,827100.0
2023-02-07,7.679999828338623,7.940000057220459,7.53000020980835,7.800000190734863,556500.0
2023-02-08,7.71999979019165,7.75,6.885000228881836,7.03000020980835,466600.0
2023-02-09,7.090000152587891,7.360000133514404,6.960000038146973,7.039999961853027,270700.0
2023-02-10,6.96999979019165,7.239999771118164,6.610000133514404,6.690000057220459,280500.0
2023-02-13,6.690000057220459,7.039999961853027,6.559999942779541,6.75,505400.0
2023-02-14,6.690000057220459,7.170000076293945,6.650000095367432,7.019999980926514,248700.0
2023-02-15,7.0,7.119999885559082,6.880000114440918,7.050000190734863,233100.0
2023-02-16,6.980000019073486,7.260000228881836,6.889999866485596,7.070000171661377,285900.0
2023-02-17,7.070000171661377,7.429999828338623,7.0,7.110000133514404,387200.0
2023-02-21,7.010000228881836,7.139999866485596,5.800000190734863,6.050000190734863,520200.0
2023-02-22,6.099999904632568,6.150000095367432,5.644999980926514,6.0,385500.0
2023-02-23,6.079999923706055,6.489999771118164,5.960000038146973,6.429999828338623,285700.0
2023-02-24,6.260000228881836,6.449999809265137,6.119999885559082,6.340000152587891,242000.0
2023-02-27,6.380000114440918,6.619999885559082,5.7779998779296875,6.510000228881836,200600.0
2023-02-28,5.5,6.639999866485596,5.429999828338623,6.550000190734863,508200.0
2023-03-01,6.510000228881836,6.590000152587891,5.5,5.739999771118164,449100.0
2023-03-02,5.710000038146973,5.710000038146973,5.369999885559082,5.380000114440918,270100.0
2023-03-03,5.409999847412109,5.5,5.21999979019165,5.389999866485596,346900.0
2023-03-06,5.409999847412109,5.900000095367432,5.230000019073486,5.739999771118164,346500.0
2023-03-07,5.739999771118164,6.070000171661377,5.611000061035156,6.019999980926514,263000.0
2023-03-08,6.130000114440918,6.130000114440918,5.809999942779541,5.889999866485596,242100.0
2023-03-09,5.820000171661377,6.110000133514404,5.599999904632568,5.639999866485596,342600.0
2023-03-10,4.75,5.110000133514404,4.340000152587891,4.400000095367432,1847300.0
2023-03-13,4.320000171661377,5.059999942779541,4.289999961853027,4.590000152587891,438600.0
2023-03-14,4.829999923706055,4.889999866485596,4.400000095367432,4.820000171661377,311700.0
2023-03-15,4.800000190734863,5.0,4.5920000076293945,4.960000038146973,236300.0
2023-03-16,4.889999866485596,4.989999771118164,4.586999893188477,4.820000171661377,220800.0
2023-03-17,4.789999961853027,4.949999809265137,4.639999866485596,4.730000019073486,177400.0
2023-03-20,4.840000152587891,4.840000152587891,4.559999942779541,4.579999923706055,128400.0
2023-03-21,4.639999866485596,5.090000152587891,4.639999866485596,4.920000076293945,153800.0
2023-03-22,4.909999847412109,5.025000095367432,4.639999866485596,4.800000190734863,103400.0
2023-03-23,4.929999828338623,5.039999961853027,4.704999923706055,4.710000038146973,109300.0
2023-03-24,4.659999847412109,4.78000020980835,4.519999980926514,4.559999942779541,156100.0
2023-03-27,4.630000114440918,4.739999771118164,4.5,4.730000019073486,130800.0
2023-03-28,4.710000038146973,4.875,4.699999809265137,4.769999980926514,92400.0
2023-03-29,4.849999904632568,4.96999979019165,4.760000228881836,4.960000038146973,96600.0
2023-03-30,5.099999904632568,5.099999904632568,4.909999847412109,4.96999979019165,83500.0
2023-03-31,5.0,5.059999942779541,4.730000019073486,5.039999961853027,189400.0
2023-04-03,5.070000171661377,5.289999961853027,4.960000038146973,5.170000076293945,307700.0
2023-04-04,5.190000057220459,5.239999771118164,4.809999942779541,4.820000171661377,220700.0
2023-04-05,4.800000190734863,4.859000205993652,4.599999904632568,4.760000228881836,179600.0
2023-04-06,4.760000228881836,4.840000152587891,4.5,4.639999866485596,190200.0
2023-04-10,4.539999961853027,4.840000152587891,4.429999828338623,4.840000152587891,137800.0
2023-04-11,4.869999885559082,5.230000019073486,4.869999885559082,5.210000038146973,162700.0
2023-04-12,5.28000020980835,5.309999942779541,4.96999979019165,5.110000133514404,157300.0
2023-04-13,5.150000095367432,5.460000038146973,5.050000190734863,5.320000171661377,183300.0
2023-04-14,5.329999923706055,5.400000095367432,4.980000019073486,5.25,210700.0
2023-04-17,5.199999809265137,5.239999771118164,5.010000228881836,5.039999961853027,88900.0
2023-04-18,5.039999961853027,5.090000152587891,4.559999942779541,4.690000057220459,368900.0
2023-04-19,4.619999885559082,4.960000038146973,4.619999885559082,4.940000057220459,294200.0
2023-04-20,4.860000133514404,5.0,4.820000171661377,4.880000114440918,52000.0
2023-04-21,4.880000114440918,5.025000095367432,4.800000190734863,5.0,139300.0
2023-04-24,4.989999771118164,5.0,4.775000095367432,4.900000095367432,77300.0
2023-04-25,4.820000171661377,5.0,4.71999979019165,4.769999980926514,134100.0
2023-04-26,4.760000228881836,4.78000020980835,4.489999771118164,4.710000038146973,214700.0
2023-04-27,4.739999771118164,4.849999904632568,4.690000057220459,4.78000020980835,40600.0
2023-04-28,4.75,4.909999847412109,4.75,4.900000095367432,94700.0
2023-05-01,4.889999866485596,4.974999904632568,4.730000019073486,4.940000057220459,103300.0
2023-05-02,5.0,5.0,4.59499979019165,4.690000057220459,176000.0
2023-05-03,4.710000038146973,4.909999847412109,4.699999809265137,4.829999923706055,66700.0
2023-05-04,4.760000228881836,4.889999866485596,4.510000228881836,4.880000114440918,85100.0
2023-05-05,5.010000228881836,5.184999942779541,4.96999979019165,5.070000171661377,130500.0
2023-05-08,5.150000095367432,5.28000020980835,5.072000026702881,5.239999771118164,154900.0
2023-05-09,5.239999771118164,5.309999942779541,4.960000038146973,5.25,101500.0
2023-05-10,5.420000076293945,5.46999979019165,4.949999809265137,5.039999961853027,161900.0
2023-05-11,5.039999961853027,5.25,4.840000152587891,4.889999866485596,181600.0
2023-05-12,6.070000171661377,7.0,5.489999771118164,6.71999979019165,1626600.0
2023-05-15,6.699999809265137,7.0,6.579999923706055,6.869999885559082,519800.0
2023-05-16,6.980000019073486,6.989999771118164,6.46999979019165,6.840000152587891,454000.0
2023-05-17,6.929999828338623,7.480000019073486,6.7729997634887695,7.289999961853027,546200.0
2023-05-18,7.360000133514404,8.270000457763672,7.03000020980835,8.020000457763672,699600.0
2023-05-19,8.1899995803833,8.345999717712402,7.690000057220459,7.809999942779541,280600.0
2023-05-22,7.949999809265137,8.220000267028809,7.78000020980835,8.0,136700.0
2023-05-23,7.5,8.0600004196167,7.269999980926514,7.789999961853027,159200.0
2023-05-24,7.920000076293945,7.949999809265137,7.5920000076293945,7.710000038146973,121500.0
2023-05-25,7.699999809265137,7.800000190734863,7.179999828338623,7.460000038146973,194000.0
2023-05-26,7.53000020980835,7.670000076293945,7.389999866485596,7.53000020980835,83800.0
2023-05-30,7.579999923706055,8.335000038146973,7.429999828338623,8.199999809265137,334500.0
2023-05-31,8.420000076293945,8.539999961853027,8.005000114440918,8.4399995803833,260500.0
2023-06-01,8.649999618530273,8.699999809265137,8.14799976348877,8.239999771118164,277600.0
2023-06-02,8.319999694824219,8.319999694824219,7.940000057220459,8.199999809265137,143100.0
2023-06-05,8.09000015258789,8.164999961853027,7.619999885559082,7.889999866485596,101600.0
2023-06-06,7.869999885559082,8.149999618530273,7.558000087738037,7.889999866485596,134100.0
2023-06-07,7.940000057220459,8.180000305175781,7.800000190734863,7.909999847412109,268500.0
2023-06-08,7.809999942779541,8.050000190734863,7.559999942779541,7.96999979019165,81500.0
2023-06-09,7.949999809265137,8.055000305175781,7.869999885559082,8.010000228881836,131300.0
2023-06-12,8.050000190734863,8.050000190734863,7.75,7.989999771118164,123200.0
2023-06-13,8.0,8.550000190734863,7.869999885559082,7.920000076293945,434400.0
2023-06-14,7.920000076293945,8.109999656677246,7.610000133514404,7.71999979019165,145300.0
2023-06-15,7.730000019073486,8.045000076293945,7.642000198364258,7.889999866485596,82800.0
2023-06-16,8.020000457763672,8.369000434875488,7.820000171661377,7.860000133514404,146500.0
2023-06-20,7.840000152587891,7.960000038146973,7.510000228881836,7.690000057220459,176900.0
2023-06-21,7.630000114440918,7.699999809265137,7.389999866485596,7.429999828338623,91700.0
2023-06-22,7.400000095367432,8.039999961853027,7.21999979019165,7.679999828338623,100300.0
2023-06-23,7.489999771118164,8.079999923706055,7.449999809265137,7.800000190734863,207900.0
2023-06-26,7.889999866485596,8.350000381469727,7.71999979019165,8.1899995803833,233900.0
2023-06-27,8.199999809265137,8.366000175476074,7.914999961853027,8.15999984741211,140300.0
2023-06-28,8.4399995803833,9.09000015258789,8.295000076293945,8.5600004196167,164500.0
2023-06-29,8.239999771118164,8.765000343322754,8.199999809265137,8.430000305175781,151000.0
2023-06-30,8.520000457763672,8.829999923706055,8.4399995803833,8.619999885559082,481600.0
2023-07-03,8.710000038146973,8.880000114440918,8.574999809265137,8.680000305175781,89500.0
2023-07-05,8.59000015258789,8.59000015258789,8.140000343322754,8.15999984741211,82800.0
2023-07-06,8.09000015258789,8.100000381469727,7.630000114440918,7.769999980926514,135500.0
2023-07-07,7.75,8.109999656677246,7.71999979019165,8.010000228881836,65800.0
2023-07-10,7.989999771118164,8.425000190734863,7.989999771118164,8.399999618530273,53200.0
2023-07-11,8.75,9.9350004196167,8.430000305175781,9.25,302500.0
2023-07-12,9.479999542236328,9.720000267028809,9.229999542236328,9.529999732971191,175900.0
2023-07-13,9.550000190734863,9.6899995803833,9.140000343322754,9.380000114440918,104200.0
2023-07-14,9.350000381469727,9.609999656677246,9.086999893188477,9.460000038146973,70200.0
2023-07-17,9.520000457763672,9.800000190734863,8.949999809265137,9.229999542236328,174500.0
2023-07-18,9.109999656677246,9.619999885559082,8.859999656677246,8.899999618530273,131700.0
2023-07-19,8.989999771118164,9.140000343322754,8.789999961853027,8.970000267028809,82800.0
2023-07-20,9.0,9.15999984741211,8.899999618530273,8.9399995803833,122800.0
2023-07-21,8.960000038146973,9.039999961853027,8.645000457763672,8.930000305175781,130700.0
2023-07-24,8.899999618530273,9.024999618530273,8.460000038146973,8.5,77500.0
2023-07-25,8.470000267028809,8.710000038146973,8.359999656677246,8.539999961853027,48100.0
2023-07-26,8.4399995803833,8.585000038146973,8.220000267028809,8.489999771118164,76500.0
2023-07-27,8.5600004196167,8.649999618530273,8.15999984741211,8.449999809265137,87500.0
2023-07-28,8.579999923706055,8.829999923706055,8.5600004196167,8.75,52400.0
2023-07-31,8.789999961853027,9.100000381469727,8.760000228881836,9.069999694824219,68400.0
2023-08-01,9.039999961853027,9.180000305175781,8.859999656677246,9.119999885559082,65300.0
2023-08-02,8.970000267028809,9.140000343322754,8.501999855041504,8.739999771118164,55200.0
2023-08-03,8.729999542236328,9.050000190734863,8.600000381469727,8.949999809265137,63600.0
2023-08-04,9.029999732971191,9.039999961853027,8.680000305175781,8.75,47800.0
2023-08-07,8.680000305175781,8.71500015258789,8.3100004196167,8.6899995803833,60900.0
2023-08-08,8.609999656677246,8.75,8.430000305175781,8.5,64000.0
2023-08-09,8.449999809265137,8.460000038146973,7.710000038146973,8.0,219000.0
2023-08-10,8.039999961853027,8.079999923706055,7.809999942779541,7.860000133514404,87900.0
2023-08-11,7.78000020980835,8.869999885559082,7.679999828338623,7.71999979019165,246100.0
2023-08-14,7.579999923706055,7.71999979019165,7.34499979019165,7.71999979019165,85200.0
2023-08-15,7.699999809265137,8.029999732971191,7.699999809265137,7.849999904632568,75500.0
2023-08-16,7.789999961853027,7.968999862670898,7.749000072479248,7.900000095367432,35700.0
2023-08-17,7.940000057220459,8.045999526977539,7.510000228881836,7.579999923706055,24400.0
2023-08-18,7.449999809265137,7.900000095367432,7.449999809265137,7.820000171661377,47900.0
2023-08-21,7.880000114440918,8.119999885559082,7.590000152587891,7.670000076293945,101500.0
2023-08-22,7.789999961853027,7.880000114440918,7.179999828338623,7.510000228881836,84000.0
2023-08-23,7.510000228881836,8.050000190734863,7.510000228881836,8.020000457763672,58600.0
2023-08-24,8.069999694824219,8.069999694824219,7.739999771118164,7.769999980926514,55900.0
2023-08-25,7.800000190734863,8.0,7.795000076293945,7.929999828338623,53900.0
2023-08-28,7.96999979019165,8.479999542236328,7.889999866485596,7.96999979019165,38200.0
2023-08-29,7.929999828338623,8.380000114440918,7.820000171661377,8.0,78700.0
2023-08-30,8.133000373840332,8.140000343322754,7.900000095367432,7.989999771118164,92500.0
2023-08-31,7.960000038146973,8.09000015258789,7.679999828338623,7.679999828338623,33300.0
2023-09-01,7.760000228881836,8.17300033569336,7.619999885559082,7.630000114440918,57100.0
2023-09-05,7.849999904632568,8.026000022888184,7.630000114440918,7.800000190734863,84100.0
2023-09-06,7.849999904632568,7.849999904632568,7.570000171661377,7.630000114440918,66600.0
2023-09-07,7.659999847412109,7.659999847412109,7.460000038146973,7.559999942779541,32300.0
2023-09-08,7.461999893188477,7.599999904632568,7.300000190734863,7.369999885559082,24000.0
2023-09-11,7.5,8.010000228881836,7.5,7.829999923706055,38700.0
2023-09-12,7.11299991607666,7.840000152587891,7.11299991607666,7.820000171661377,41700.0
2023-09-13,7.960000038146973,7.960000038146973,7.539999961853027,7.590000152587891,24300.0
2023-09-14,7.610000133514404,7.650000095367432,7.360000133514404,7.400000095367432,28000.0
2023-09-15,7.369999885559082,7.53000020980835,7.309999942779541,7.349999904632568,95000.0
2023-09-18,7.400000095367432,7.610000133514404,7.21999979019165,7.28000020980835,48000.0
2023-09-19,7.309999942779541,7.309999942779541,6.869999885559082,6.909999847412109,60000.0
2023-09-20,7.0,7.449999809265137,6.630000114440918,6.820000171661377,84100.0
2023-09-21,6.710000038146973,6.840000152587891,6.050000190734863,6.755000114440918,182600.0
2023-09-22,6.75,6.75,6.531000137329102,6.619999885559082,39000.0
2023-09-25,6.489999771118164,6.514999866485596,6.03000020980835,6.5,154500.0
2023-09-26,6.320000171661377,6.75,6.320000171661377,6.5,79200.0
2023-09-27,6.550000190734863,6.849999904632568,6.465000152587891,6.550000190734863,99200.0
2023-09-28,6.5,6.670000076293945,6.4029998779296875,6.559999942779541,49900.0
2023-09-29,6.679999828338623,7.03000020980835,6.460000038146973,6.840000152587891,493400.0
2023-10-02,6.849999904632568,6.980000019073486,6.570000171661377,6.900000095367432,96100.0
2023-10-03,6.820000171661377,6.994999885559082,6.599999904632568,6.739999771118164,62300.0
2023-10-04,6.75,7.079999923706055,6.75,7.019999980926514,79400.0
2023-10-05,7.5,7.5,6.71999979019165,6.860000133514404,123100.0
2023-10-06,6.730000019073486,7.320000171661377,6.650000095367432,7.300000190734863,50900.0
2023-10-09,7.260000228881836,7.429999828338623,7.139999866485596,7.300000190734863,54500.0
2023-10-10,7.309999942779541,8.09000015258789,7.309999942779541,7.480000019073486,105100.0
2023-10-11,7.389999866485596,7.559999942779541,6.670000076293945,7.005000114440918,119400.0
2023-10-12,6.949999809265137,6.949999809265137,6.139999866485596,6.190000057220459,171500.0
2023-10-13,6.150000095367432,6.300000190734863,6.034999847412109,6.255000114440918,58600.0
2023-10-16,6.320000171661377,6.840000152587891,6.210000038146973,6.599999904632568,155700.0
2023-10-17,6.5,6.929999828338623,6.5,6.789999961853027,71200.0
2023-10-18,6.710000038146973,6.920000076293945,6.699999809265137,6.760000228881836,35800.0
2023-10-19,6.739999771118164,7.230000019073486,6.739999771118164,7.050000190734863,58600.0
2023-10-20,7.110000133514404,7.139999866485596,6.800000190734863,6.804999828338623,101100.0
2023-10-23,6.730000019073486,7.125,6.673999786376953,6.980000019073486,30700.0
2023-10-24,7.039999961853027,7.329999923706055,7.0,7.0,35400.0
2023-10-25,7.010000228881836,7.03000020980835,6.820000171661377,6.96999979019165,24200.0
2023-10-26,6.929999828338623,6.929999828338623,6.260000228881836,6.409999847412109,142600.0
2023-10-27,6.429999828338623,7.070000171661377,6.079999923706055,6.150000095367432,64000.0
2023-10-30,6.309999942779541,6.409999847412109,5.860000133514404,5.980000019073486,111100.0
2023-10-31,5.96999979019165,6.130000114440918,5.809999942779541,6.0,118100.0
2023-11-01,6.010000228881836,6.039999961853027,5.849999904632568,6.039999961853027,38000.0
2023-11-02,6.019999980926514,6.190000057220459,5.909999847412109,5.980000019073486,34700.0
2023-11-03,6.059999942779541,6.690000057220459,5.909999847412109,6.539999961853027,46100.0
2023-11-06,6.5,6.559999942779541,6.289999961853027,6.380000114440918,86100.0
2023-11-07,6.480000019073486,6.480000019073486,6.289999961853027,6.320000171661377,26400.0
2023-11-08,6.510000228881836,7.0,6.090000152587891,6.179999828338623,103100.0
2023-11-09,6.289999961853027,6.289999961853027,5.579999923706055,5.619999885559082,76400.0
2023-11-10,6.269999980926514,6.269999980926514,5.53000020980835,5.579999923706055,153200.0
2023-11-13,5.510000228881836,5.539999961853027,5.010000228881836,5.019999980926514,137200.0
2023-11-14,5.269999980926514,5.639999866485596,5.269999980926514,5.599999904632568,169300.0
2023-11-15,5.400000095367432,5.480000019073486,5.039999961853027,5.150000095367432,136000.0
2023-11-16,5.170000076293945,5.190000057220459,4.869999885559082,4.989999771118164,73800.0
2023-11-17,5.039999961853027,5.349999904632568,4.909999847412109,4.940000057220459,82900.0
2023-11-20,4.980000019073486,5.659999847412109,4.914999961853027,5.5,209800.0
2023-11-21,5.570000171661377,5.570000171661377,5.309999942779541,5.5,59500.0
2023-11-22,5.480000019073486,5.739999771118164,4.949999809265137,5.429999828338623,53100.0
2023-11-24,5.349999904632568,5.534999847412109,5.349999904632568,5.5,15500.0
2023-11-27,5.440000057220459,5.880000114440918,5.320000171661377,5.519999980926514,23600.0
2023-11-28,5.550000190734863,5.579999923706055,5.460000038146973,5.5,34800.0
2023-11-29,5.5,5.619999885559082,5.400000095367432,5.440000057220459,53700.0
2023-11-30,5.409999847412109,5.409999847412109,5.010000228881836,5.03000020980835,50500.0
2023-12-01,5.070000171661377,5.619999885559082,4.980000019073486,5.610000133514404,58500.0
2023-12-04,5.559999942779541,6.0,5.559999942779541,5.789999961853027,90800.0
2023-12-05,5.690000057220459,5.78000020980835,5.480000019073486,5.769999980926514,59800.0
2023-12-06,5.78000020980835,5.96999979019165,5.739999771118164,5.829999923706055,46200.0
2023-12-07,5.889999866485596,5.90500020980835,5.695000171661377,5.880000114440918,35300.0
2023-12-08,5.909999847412109,6.099999904632568,5.650000095367432,5.880000114440918,38000.0
2023-12-11,5.940000057220459,6.059999942779541,5.739999771118164,5.949999809265137,38300.0
2023-12-12,5.980000019073486,6.070000171661377,5.913000106811523,5.980000019073486,21900.0
2023-12-13,6.230000019073486,6.630000114440918,5.835000038146973,6.570000171661377,88900.0
2023-12-14,6.590000152587891,6.96999979019165,6.400000095367432,6.510000228881836,161800.0
2023-12-15,6.630000114440918,7.0,6.5,6.820000171661377,223800.0
2023-12-18,6.889999866485596,7.440000057220459,6.550000190734863,7.199999809265137,123000.0
2023-12-19,7.349999904632568,7.699999809265137,7.26200008392334,7.380000114440918,218700.0
2023-12-20,7.349999904632568,7.559999942779541,7.179999828338623,7.260000228881836,96800.0
2023-12-21,7.230000019073486,7.5,7.150000095367432,7.260000228881836,98700.0
2023-12-22,7.329999923706055,7.349999904632568,7.179999828338623,7.28000020980835,28600.0
2023-12-26,7.360000133514404,7.5,7.329999923706055,7.400000095367432,72700.0
2023-12-27,7.449999809265137,7.78000020980835,7.400000095367432,7.630000114440918,49400.0
2023-12-28,7.599999904632568,7.840000152587891,7.5,7.510000228881836,62700.0
2023-12-29,7.440000057220459,7.574999809265137,7.400000095367432,7.489999771118164,50100.0
2024-01-02,7.480000019073486,7.539999961853027,6.974999904632568,7.190000057220459,136000.0
2024-01-03,7.21999979019165,7.389999866485596,6.880000114440918,6.940000057220459,64100.0
2024-01-04,6.96999979019165,7.5,6.9029998779296875,7.139999866485596,154000.0
2024-01-05,7.070000171661377,7.5,7.070000171661377,7.360000133514404,102700.0
2024-01-08,7.369999885559082,8.180000305175781,7.353000164031982,8.0,95100.0
2024-01-09,7.809999942779541,8.097999572753906,7.789999961853027,7.96999979019165,44200.0
2024-01-10,8.029999732971191,8.050000190734863,7.7210001945495605,7.980000019073486,52400.0
2024-01-11,7.96999979019165,8.272000312805176,7.880000114440918,8.0,98100.0
2024-01-12,8.119999885559082,8.130000114440918,7.574999809265137,7.980000019073486,34300.0
2024-01-16,7.570000171661377,8.029999732971191,7.28000020980835,7.949999809265137,91300.0
2024-01-17,7.820000171661377,8.0600004196167,7.690000057220459,7.949999809265137,57400.0
2024-01-18,8.0,8.079999923706055,7.639999866485596,7.960000038146973,51400.0
2024-01-19,8.0,8.0,7.585999965667725,7.764999866485596,291800.0
2024-01-22,7.800000190734863,8.170000076293945,7.660999774932861,8.119999885559082,45400.0
2024-01-23,8.149999618530273,8.220000267028809,7.909999847412109,8.1899995803833,90800.0
2024-01-24,8.300000190734863,8.300000190734863,7.619999885559082,7.639999866485596,117000.0
2024-01-25,7.789999961853027,7.945000171661377,7.409999847412109,7.639999866485596,54300.0
2024-01-26,7.840000152587891,7.960000038146973,7.429999828338623,7.679999828338623,129300.0
2024-01-29,7.760000228881836,7.84499979019165,7.630000114440918,7.75,26600.0
2024-01-30,7.809999942779541,8.149999618530273,7.449999809265137,7.630000114440918,59800.0
2024-01-31,7.639999866485596,7.690000057220459,7.224999904632568,7.260000228881836,89500.0
2024-02-01,7.329999923706055,7.849999904632568,6.889999866485596,7.139999866485596,65300.0
2024-02-02,7.010000228881836,7.480000019073486,7.0,7.449999809265137,106000.0
2024-02-05,7.429999828338623,7.429999828338623,6.989999771118164,7.03000020980835,55300.0
2024-02-06,6.900000095367432,7.03000020980835,6.699999809265137,6.889999866485596,90900.0
2024-02-07,6.815000057220459,6.840000152587891,6.489999771118164,6.639999866485596,141200.0
2024-02-08,6.630000114440918,6.940000057220459,6.550000190734863,6.889999866485596,61500.0
2024-02-09,6.889999866485596,7.110000133514404,6.802000045776367,7.039999961853027,93400.0
2024-02-12,7.039999961853027,7.309999942779541,6.960000038146973,7.099999904632568,50000.0
2024-02-13,6.849999904632568,6.96999979019165,6.579999923706055,6.610000133514404,89300.0
2024-02-14,6.739999771118164,6.960000038146973,6.659999847412109,6.940000057220459,55500.0
2024-02-15,6.949999809265137,7.215000152587891,6.809999942779541,7.210000038146973,63200.0
2024-02-16,7.199999809265137,7.380000114440918,7.059999942779541,7.090000152587891,37200.0
2024-02-20,7.079999923706055,7.079999923706055,6.519999980926514,6.639999866485596,75600.0
2024-02-21,6.590000152587891,6.843999862670898,6.144999980926514,6.289999961853027,51200.0
2024-02-22,6.25,6.480000019073486,6.110000133514404,6.199999809265137,102800.0
2024-02-23,4.53000020980835,5.929999828338623,4.5,5.849999904632568,1148800.0
2024-02-26,5.829999923706055,6.53000020980835,5.829999923706055,6.309999942779541,216000.0
2024-02-27,5.460000038146973,6.53000020980835,5.460000038146973,6.179999828338623,121600.0
2024-02-28,6.130000114440918,6.130000114440918,5.557000160217285,6.050000190734863,126600.0
2024-02-29,6.150000095367432,6.369999885559082,6.03000020980835,6.309999942779541,103300.0
2024-03-01,6.409999847412109,6.590000152587891,6.260000228881836,6.28000020980835,136200.0
2024-03-04,6.230000019073486,6.239999771118164,5.920000076293945,5.960000038146973,127300.0
2024-03-05,5.900000095367432,6.014999866485596,5.800000190734863,5.909999847412109,43700.0
2024-03-06,6.010000228881836,6.059999942779541,5.755000114440918,6.03000020980835,41500.0
2024-03-07,6.079999923706055,6.079999923706055,5.78000020980835,5.789999961853027,34000.0
2024-03-08,5.860000133514404,6.119999885559082,5.860000133514404,6.050000190734863,35300.0
2024-03-11,5.980000019073486,6.03000020980835,5.800000190734863,5.860000133514404,37900.0
2024-03-12,5.909999847412109,6.079999923706055,5.820000171661377,5.840000152587891,30700.0
2024-03-13,5.860000133514404,6.0,5.860000133514404,5.929999828338623,20800.0
2024-03-14,6.070000171661377,6.070000171661377,5.59499979019165,5.670000076293945,36200.0
2024-03-15,5.570000171661377,5.909999847412109,5.449999809265137,5.75,123900.0
2024-03-18,5.840000152587891,5.840000152587891,5.505000114440918,5.639999866485596,33200.0
2024-03-19,5.599999904632568,5.769999980926514,5.599999904632568,5.710000038146973,20300.0
2024-03-20,5.710000038146973,5.980000019073486,5.599999904632568,5.900000095367432,33300.0
2024-03-21,6.0,6.119999885559082,5.881999969482422,5.980000019073486,26300.0
2024-03-22,5.980000019073486,6.079999923706055,5.739999771118164,5.769999980926514,26200.0
2024-03-25,5.679999828338623,6.059999942779541,5.679999828338623,5.880000114440918,26800.0
2024-03-26,5.949999809265137,6.190000057220459,5.860000133514404,6.0,38500.0
2024-03-27,6.110000133514404,6.335000038146973,6.050000190734863,6.289999961853027,34700.0
2024-03-28,6.199999809265137,6.388000011444092,6.105999946594238,6.139999866485596,19600.0
2024-04-01,6.110000133514404,6.144999980926514,5.860000133514404,6.0,38500.0
2024-04-02,5.820000171661377,6.130000114440918,5.630000114440918,5.650000095367432,41900.0
2024-04-03,5.889999866485596,5.909999847412109,5.579999923706055,5.590000152587891,15100.0
2024-04-04,5.65500020980835,5.699999809265137,5.420000076293945,5.420000076293945,25800.0
2024-04-05,5.420000076293945,5.590000152587891,5.420000076293945,5.489999771118164,28100.0
2024-04-08,5.579999923706055,5.739999771118164,5.410999774932861,5.510000228881836,14100.0
2024-04-09,5.489999771118164,5.610000133514404,5.375,5.590000152587891,20400.0
2024-04-10,5.380000114440918,5.53000020980835,5.380000114440918,5.460000038146973,23700.0
2024-04-11,5.369999885559082,5.659999847412109,5.369999885559082,5.630000114440918,42700.0
2024-04-12,5.699999809265137,5.699999809265137,5.230000019073486,5.440000057220459,16100.0
2024-04-15,5.420000076293945,5.429999828338623,5.195000171661377,5.25,19700.0
2024-04-16,5.320000171661377,5.474999904632568,5.139999866485596,5.25,9400.0
2024-04-17,5.400000095367432,5.659999847412109,5.389999866485596,5.409999847412109,35900.0
2024-04-18,5.369999885559082,5.561999797821045,5.349999904632568,5.440000057220459,32800.0
2024-04-19,5.380000114440918,5.735000133514404,5.360000133514404,5.699999809265137,22800.0
2024-04-22,5.679999828338623,5.75,5.5,5.659999847412109,14000.0
2024-04-23,5.53000020980835,5.739999771118164,5.5,5.650000095367432,20500.0
2024-04-24,5.670000076293945,5.690000057220459,5.375,5.630000114440918,22000.0
2024-04-25,5.711999893188477,5.711999893188477,5.300000190734863,5.519999980926514,29700.0
2024-04-26,5.5,5.690000057220459,5.460000038146973,5.610000133514404,9900.0
2024-04-29,5.559999942779541,5.730000019073486,5.349999904632568,5.579999923706055,18400.0
2024-04-30,5.449999809265137,5.570000171661377,5.400000095367432,5.510000228881836,20500.0
2024-05-01,5.550000190734863,5.6479997634887695,5.5,5.510000228881836,30900.0
2024-05-02,5.559999942779541,5.59499979019165,5.400000095367432,5.5,41400.0
2024-05-03,5.590000152587891,5.599999904632568,5.360000133514404,5.465000152587891,28000.0
2024-05-06,5.510000228881836,5.679999828338623,5.434999942779541,5.599999904632568,27500.0
2024-05-07,5.579999923706055,5.900000095367432,5.579999923706055,5.75,50400.0
2024-05-08,5.75,5.795000076293945,5.300000190734863,5.599999904632568,89100.0
2024-05-09,5.539999961853027,5.659999847412109,5.320000171661377,5.389999866485596,51800.0
2024-05-10,5.050000190734863,5.130000114440918,4.690000057220459,4.739999771118164,196000.0
2024-05-13,4.739999771118164,4.96999979019165,4.574999809265137,4.670000076293945,125300.0
2024-05-14,4.75,4.866000175476074,4.400000095367432,4.559999942779541,50500.0
2024-05-15,4.639999866485596,4.760000228881836,4.429999828338623,4.460000038146973,34900.0
2024-05-16,4.605000019073486,4.605000019073486,4.119999885559082,4.320000171661377,53000.0
2024-05-17,4.340000152587891,4.71999979019165,4.21999979019165,4.659999847412109,55400.0
2024-05-20,4.650000095367432,4.71999979019165,4.269999980926514,4.309999942779541,43100.0
2024-05-21,4.289999961853027,4.440000057220459,3.7899999618530273,3.890000104904175,135500.0
2024-05-22,3.9000000953674316,4.25600004196167,3.299999952316284,3.3499999046325684,85000.0
2024-05-23,3.3399999141693115,3.4000000953674316,3.2100000381469727,3.4000000953674316,254500.0
2024-05-24,3.4000000953674316,3.859999895095825,3.309999942779541,3.509999990463257,131900.0
2024-05-28,3.5999999046325684,4.380000114440918,3.5999999046325684,4.349999904632568,424200.0
2024-05-29,4.210000038146973,4.664000034332275,4.059999942779541,4.53000020980835,89500.0
2024-05-30,4.539999961853027,4.539999961853027,4.099999904632568,4.130000114440918,37100.0
2024-05-31,4.170000076293945,4.28000020980835,4.0,4.110000133514404,43000.0
2024-06-03,4.110000133514404,4.289999961853027,4.03000020980835,4.199999809265137,100000.0
2024-06-04,4.130000114440918,4.179999828338623,4.0,4.150000095367432,92000.0
2024-06-05,4.159999847412109,4.269999980926514,4.079999923706055,4.25,15100.0
2024-06-06,4.25,4.421999931335449,4.179999828338623,4.309999942779541,36800.0
2024-06-07,4.210000038146973,4.379000186920166,4.03000020980835,4.309999942779541,31200.0
2024-06-10,4.269999980926514,4.559999942779541,4.090000152587891,4.150000095367432,31900.0
2024-06-11,4.090000152587891,4.320000171661377,4.090000152587891,4.25,31400.0
2024-06-12,4.389999866485596,4.610000133514404,4.199999809265137,4.199999809265137,78600.0
2024-06-13,4.179999828338623,4.369999885559082,4.114999771118164,4.159999847412109,28200.0
2024-06-14,4.110000133514404,4.230000019073486,4.0,4.170000076293945,63800.0
2024-06-17,4.130000114440918,4.46999979019165,3.990000009536743,3.990000009536743,174300.0
2024-06-18,4.0,4.070000171661377,4.0,4.010000228881836,41400.0
2024-06-20,4.0,4.099999904632568,3.950000047683716,4.0,68300.0
2024-06-21,4.010000228881836,4.099999904632568,3.880000114440918,3.940000057220459,43800.0
2024-06-24,3.950000047683716,4.059999942779541,3.799999952316284,3.9100000858306885,25400.0
2024-06-25,3.890000104904175,4.031000137329102,3.75,3.930000066757202,31600.0
2024-06-26,3.930000066757202,4.070000171661377,3.75,4.010000228881836,39800.0
2024-06-27,4.039999961853027,4.309999942779541,3.9800000190734863,4.099999904632568,42900.0
2024-06-28,4.099999904632568,4.170000076293945,3.8299999237060547,4.0,238500.0
2024-07-01,4.005000114440918,4.03000020980835,3.9200000762939453,3.9800000190734863,31900.0
2024-07-02,3.9600000381469727,4.190000057220459,3.869999885559082,3.940000057220459,68000.0
2024-07-03,3.9200000762939453,4.130000114440918,3.9200000762939453,3.9600000381469727,17900.0
2024-07-05,3.9600000381469727,3.990000009536743,3.8299999237060547,3.930000066757202,55400.0
2024-07-08,3.950000047683716,4.105000019073486,3.950000047683716,4.070000171661377,13000.0
2024-07-09,4.03000020980835,4.114999771118164,3.890000104904175,3.990000009536743,32900.0
2024-07-10,3.9800000190734863,4.150000095367432,3.819999933242798,3.9700000286102295,29700.0
2024-07-11,3.8499999046325684,4.429999828338623,3.8499999046325684,4.429999828338623,60500.0
2024-07-12,4.400000095367432,4.650000095367432,4.400000095367432,4.599999904632568,26800.0
2024-07-15,4.679999828338623,4.71999979019165,4.440000057220459,4.659999847412109,38900.0
2024-07-16,4.730000019073486,4.900000095367432,4.659999847412109,4.659999847412109,83300.0
2024-07-17,4.650000095367432,4.900000095367432,4.486999988555908,4.739999771118164,57800.0
2024-07-18,4.739999771118164,4.820000171661377,4.46999979019165,4.579999923706055,36100.0
2024-07-19,4.619999885559082,4.659999847412109,4.400000095367432,4.429999828338623,22000.0
2024-07-22,4.46999979019165,4.800000190734863,4.190000057220459,4.739999771118164,73000.0
2024-07-23,4.730000019073486,4.800000190734863,4.610000133514404,4.670000076293945,44200.0
2024-07-24,4.630000114440918,4.75,4.489999771118164,4.550000190734863,35400.0
2024-07-25,4.579999923706055,4.75,4.579999923706055,4.690000057220459,38200.0
2024-07-26,4.769999980926514,4.769999980926514,4.670000076293945,4.75,50500.0
2024-07-29,4.760000228881836,4.869999885559082,4.659999847412109,4.670000076293945,26200.0
2024-07-30,4.679999828338623,4.820000171661377,4.638999938964844,4.710000038146973,21900.0
2024-07-31,4.829999923706055,4.980000019073486,4.699999809265137,4.96999979019165,39700.0
2024-08-01,5.010000228881836,5.110000133514404,4.565999984741211,4.789999961853027,38200.0
2024-08-02,4.570000171661377,4.650000095367432,4.349999904632568,4.389999866485596,33400.0
2024-08-05,4.059999942779541,4.260000228881836,3.940000057220459,4.21999979019165,31600.0
2024-08-06,4.210000038146973,4.210000038146973,3.990000009536743,4.0,15500.0
2024-08-07,4.019999980926514,4.150000095367432,3.859999895095825,3.859999895095825,15900.0
2024-08-08,4.019999980926514,4.250999927520752,3.8399999141693115,3.940000057220459,34200.0
2024-08-09,3.200000047683716,4.15500020980835,2.9200000762939453,3.9800000190734863,291500.0
2024-08-12,4.039999961853027,4.039999961853027,3.255000114440918,3.430000066757202,88300.0
2024-08-13,3.4200000762939453,3.7750000953674316,3.1600000858306885,3.690000057220459,74200.0
2024-08-14,3.690000057220459,3.819999933242798,3.630000114440918,3.75,68400.0
2024-08-15,3.890000104904175,3.9649999141693115,3.819999933242798,3.890000104904175,59300.0
2024-08-16,3.9100000858306885,4.039999961853027,3.859999895095825,4.010000228881836,36900.0
2024-08-19,4.03000020980835,4.179999828338623,3.9700000286102295,4.119999885559082,21500.0
2024-08-20,4.090000152587891,4.380000114440918,4.090000152587891,4.190000057220459,60100.0
2024-08-21,4.260000228881836,4.409999847412109,4.110000133514404,4.28000020980835,30700.0
2024-08-22,4.199999809265137,4.360000133514404,4.179999828338623,4.320000171661377,31200.0
2024-08-23,4.360000133514404,4.559999942779541,4.340000152587891,4.489999771118164,52800.0
2024-08-26,4.65500020980835,4.65500020980835,4.389999866485596,4.489999771118164,64100.0
2024-08-27,4.420000076293945,4.800000190734863,4.420000076293945,4.519999980926514,41600.0
2024-08-28,4.635000228881836,4.635000228881836,4.170000076293945,4.170000076293945,28400.0
2024-08-29,4.269999980926514,4.434999942779541,4.239999771118164,4.289999961853027,30500.0
2024-08-30,4.349999904632568,4.349999904632568,4.099999904632568,4.190000057220459,50100.0
2024-09-03,4.110000133514404,4.110000133514404,3.759999990463257,3.809999942779541,37600.0
2024-09-04,3.7699999809265137,3.9600000381469727,3.75,3.7699999809265137,23900.0
2024-09-05,3.7699999809265137,3.930000066757202,3.680000066757202,3.7300000190734863,17800.0
2024-09-06,3.7100000381469727,3.7720000743865967,3.5999999046325684,3.5999999046325684,13400.0
2024-09-09,3.6700000762939453,3.740000009536743,3.5899999141693115,3.7100000381469727,16700.0
2024-09-10,3.5899999141693115,3.740000009536743,3.5899999141693115,3.7100000381469727,11000.0
2024-09-11,3.674999952316284,3.809999942779541,3.674999952316284,3.7200000286102295,14000.0
2024-09-12,3.759999990463257,3.9600000381469727,3.7249999046325684,3.9200000762939453,15600.0
2024-09-13,3.9800000190734863,4.079999923706055,3.9700000286102295,4.03000020980835,21600.0
2024-09-16,4.0,4.083000183105469,3.809999942779541,3.8299999237060547,43300.0
2024-09-17,3.9100000858306885,4.380000114440918,3.869999885559082,4.340000152587891,72100.0
2024-09-18,4.269999980926514,4.585000038146973,4.269999980926514,4.429999828338623,93000.0
2024-09-19,4.539999961853027,4.78000020980835,4.539999961853027,4.730000019073486,35100.0
2024-09-20,4.760000228881836,5.619999885559082,4.610000133514404,5.309999942779541,334500.0
2024-09-23,5.559999942779541,6.239999771118164,5.360000133514404,5.449999809265137,399700.0
2024-09-24,5.550000190734863,6.119999885559082,5.550000190734863,5.849999904632568,166500.0
2024-09-25,5.880000114440918,5.980000019073486,5.389999866485596,5.420000076293945,125100.0
2024-09-26,5.550000190734863,5.900000095367432,5.550000190734863,5.590000152587891,106100.0
2024-09-27,5.730000019073486,5.949999809265137,5.369999885559082,5.380000114440918,104400.0
2024-09-30,5.460000038146973,5.49399995803833,5.050000190734863,5.070000171661377,120900.0
2024-10-01,5.110000133514404,5.110000133514404,4.360000133514404,4.75,342600.0
2024-10-02,4.659999847412109,5.014999866485596,4.53000020980835,4.929999828338623,80300.0
2024-10-03,4.860000133514404,4.949999809265137,4.599999904632568,4.789999961853027,65800.0
2024-10-04,4.940000057220459,5.067999839782715,4.829999923706055,4.949999809265137,58500.0
2024-10-07,4.949999809265137,4.949999809265137,4.619999885559082,4.659999847412109,43700.0
2024-10-08,4.710000038146973,5.545000076293945,4.665999889373779,5.110000133514404,178200.0
2024-10-09,5.099999904632568,5.260000228881836,4.940000057220459,5.260000228881836,111800.0
2024-10-10,5.139999866485596,5.400000095367432,5.074999809265137,5.269999980926514,52700.0
2024-10-11,5.300000190734863,5.389999866485596,5.179999828338623,5.380000114440918,55300.0
2024-10-14,5.460000038146973,6.159999847412109,5.364999771118164,5.679999828338623,190300.0
2024-10-15,5.489999771118164,5.71999979019165,5.110000133514404,5.690000057220459,137200.0
2024-10-16,5.800000190734863,5.920000076293945,5.71999979019165,5.820000171661377,32400.0
2024-10-17,5.760000228881836,6.150000095367432,5.554999828338623,5.809999942779541,242800.0
2024-10-18,5.829999923706055,6.139999866485596,5.809999942779541,5.929999828338623,120200.0
2024-10-21,5.849999904632568,6.110000133514404,5.684000015258789,5.710000038146973,150000.0
2024-10-22,5.690000057220459,5.909999847412109,5.690000057220459,5.769999980926514,40000.0
2024-10-23,5.75,5.840000152587891,5.289999961853027,5.320000171661377,76500.0
2024-10-24,5.380000114440918,5.84499979019165,5.349999904632568,5.599999904632568,84600.0
2024-10-25,5.670000076293945,5.929999828338623,5.65500020980835,5.710000038146973,47600.0
2024-10-28,5.760000228881836,6.050000190734863,5.650000095367432,5.789999961853027,331300.0
2024-10-29,5.619999885559082,6.190000057220459,5.489999771118164,6.150000095367432,188000.0
2024-10-30,6.139999866485596,6.164999961853027,5.690000057220459,5.880000114440918,189600.0
2024-10-31,5.914999961853027,5.914999961853027,5.679999828338623,5.690000057220459,43200.0
2024-11-01,5.760000228881836,5.940000057220459,5.735000133514404,5.860000133514404,28900.0
2024-11-04,6.050000190734863,7.0,6.050000190734863,6.690000057220459,261600.0
2024-11-05,6.739999771118164,6.980000019073486,6.730000019073486,6.789999961853027,75800.0
2024-11-06,7.0,7.809999942779541,6.994999885559082,7.659999847412109,265000.0
2024-11-07,7.650000095367432,7.829999923706055,7.119999885559082,7.190000057220459,117700.0
2024-11-08,7.789999961853027,8.880000114440918,7.730000019073486,8.680000305175781,590400.0
2024-11-11,8.880000114440918,9.199999809265137,8.239999771118164,8.329999923706055,305200.0
2024-11-12,8.270000457763672,8.380000114440918,7.619999885559082,7.980000019073486,219600.0
2024-11-13,7.869999885559082,8.069999694824219,7.130000114440918,7.409999847412109,253600.0
2024-11-14,7.590000152587891,7.699999809265137,6.894999980926514,6.960000038146973,273200.0
2024-11-15,6.860000133514404,6.920000076293945,6.394999980926514,6.510000228881836,354800.0
2024-11-18,6.510000228881836,6.599999904632568,5.539999961853027,5.880000114440918,557500.0
2024-11-19,6.010000228881836,6.480000019073486,5.909999847412109,6.375,227300.0
2024-11-20,6.360000133514404,6.519999980926514,6.159999847412109,6.349999904632568,126000.0
2024-11-21,6.489999771118164,7.0,6.392000198364258,6.78000020980835,130400.0
2024-11-22,6.840000152587891,7.090000152587891,6.61299991607666,7.0,117500.0
2024-11-25,7.139999866485596,7.34499979019165,7.03000020980835,7.239999771118164,111200.0
2024-11-26,7.199999809265137,7.199999809265137,6.21999979019165,6.559999942779541,534700.0
2024-11-27,6.75,6.869999885559082,6.340000152587891,6.635000228881836,370400.0
2024-11-29,6.639999866485596,6.96999979019165,6.639999866485596,6.829999923706055,72300.0
2024-12-02,6.909999847412109,6.954999923706055,6.639999866485596,6.920000076293945,179300.0
2024-12-03,6.909999847412109,7.510000228881836,6.788000106811523,7.510000228881836,165400.0
2024-12-04,7.650000095367432,7.650000095367432,7.105999946594238,7.389999866485596,184400.0
2024-12-05,7.369999885559082,7.650000095367432,7.039999961853027,7.070000171661377,319300.0
2024-12-06,7.099999904632568,7.190000057220459,6.449999809265137,6.480000019073486,266600.0
2024-12-09,6.550000190734863,7.085000038146973,6.070000171661377,6.230000019073486,253400.0
2024-12-10,6.590000152587891,6.840000152587891,6.324999809265137,6.519999980926514,136300.0
2024-12-11,6.610000133514404,6.642000198364258,6.119999885559082,6.150000095367432,249800.0
2024-12-12,6.070000171661377,6.070000171661377,5.820000171661377,5.880000114440918,221800.0
2024-12-13,5.849999904632568,5.849999904632568,5.579999923706055,5.679999828338623,169100.0
2024-12-16,5.650000095367432,6.170000076293945,5.619999885559082,5.980000019073486,368800.0
2024-12-17,6.21999979019165,6.599999904632568,6.010000228881836,6.289999961853027,294100.0
2024-12-18,6.289999961853027,6.489999771118164,5.817999839782715,5.849999904632568,286500.0
2024-12-19,5.869999885559082,5.96999979019165,5.349999904632568,5.489999771118164,335100.0
2024-12-20,5.409999847412109,5.815000057220459,5.340000152587891,5.349999904632568,337800.0
2024-12-23,5.550000190734863,5.590000152587891,5.329999923706055,5.409999847412109,159400.0
2024-12-24,5.409999847412109,5.670000076293945,5.21999979019165,5.440000057220459,216000.0
2024-12-26,5.420000076293945,5.650000095367432,5.364999771118164,5.639999866485596,313800.0
2024-12-27,5.590000152587891,5.679999828338623,5.175000190734863,5.579999923706055,133900.0
2024-12-30,5.579999923706055,5.579999923706055,5.039999961853027,5.5,341900.0
2024-12-31,5.599999904632568,5.605000019073486,5.150000095367432,5.190000057220459,487300.0
2025-01-02,5.230000019073486,5.599999904632568,5.230000019073486,5.420000076293945,305400.0
2025-01-03,5.570000171661377,6.019999980926514,5.449999809265137,5.849999904632568,275200.0
2025-01-06,5.760000228881836,6.260000228881836,5.760000228881836,5.980000019073486,341700.0
2025-01-07,6.0,6.21999979019165,5.953999996185303,6.050000190734863,175400.0
2025-01-08,6.269999980926514,6.269999980926514,5.789999961853027,6.03000020980835,145300.0
2025-01-10,5.940000057220459,6.156000137329102,5.909999847412109,5.980000019073486,182000.0
2025-01-13,4.050000190734863,5.059999942779541,3.8299999237060547,4.789999961853027,939700.0
2025-01-14,4.789999961853027,4.989999771118164,4.449999809265137,4.920000076293945,263100.0
2025-01-15,5.090000152587891,5.144999980926514,4.659999847412109,5.0,180600.0
2025-01-16,5.010000228881836,5.066999912261963,4.829999923706055,4.929999828338623,104900.0
2025-01-17,4.909999847412109,5.349999904632568,4.849999904632568,5.329999923706055,208100.0
2025-01-21,5.400000095367432,5.400000095367432,4.820000171661377,5.289999961853027,335100.0
2025-01-22,5.289999961853027,5.4039998054504395,5.039999961853027,5.070000171661377,212500.0
2025-01-23,4.980000019073486,5.289999961853027,4.980000019073486,5.260000228881836,138500.0
2025-01-24,5.25,5.35099983215332,5.099999904632568,5.110000133514404,94700.0
2025-01-27,5.03000020980835,5.039999961853027,4.659999847412109,4.75,160100.0
2025-01-28,4.78000020980835,5.190000057220459,4.710000038146973,4.760000228881836,152900.0
2025-01-29,4.599999904632568,4.960000038146973,4.599999904632568,4.760000228881836,61500.0
2025-01-30,4.829999923706055,4.97599983215332,4.789999961853027,4.849999904632568,114700.0
2025-01-31,4.860000133514404,5.302000045776367,4.769999980926514,4.789999961853027,282400.0
2025-02-03,4.75,5.209000110626221,4.639999866485596,4.920000076293945,226200.0
2025-02-04,4.900000095367432,5.619999885559082,4.840000152587891,5.579999923706055,200900.0
2025-02-05,5.690000057220459,5.949999809265137,5.460000038146973,5.809999942779541,172800.0
2025-02-06,5.809999942779541,6.070000171661377,5.510000228881836,5.510000228881836,88500.0
2025-02-07,5.510000228881836,5.748000144958496,5.309999942779541,5.340000152587891,84700.0
2025-02-10,5.409999847412109,5.619999885559082,5.25,5.449999809265137,104500.0
2025-02-11,5.309999942779541,5.559999942779541,5.255000114440918,5.400000095367432,143300.0
2025-02-12,5.25,5.860000133514404,5.25,5.690000057220459,145400.0
2025-02-13,5.739999771118164,6.070000171661377,5.739999771118164,6.0,79800.0
2025-02-14,5.949999809265137,6.125,5.704999923706055,5.764999866485596,152200.0
2025-02-18,5.829999923706055,6.03000020980835,5.78000020980835,5.889999866485596,82000.0
2025-02-19,5.829999923706055,5.929999828338623,5.730000019073486,5.78000020980835,92300.0
2025-02-20,5.670000076293945,6.079999923706055,5.510000228881836,5.829999923706055,77700.0
2025-02-21,5.929999828338623,5.929999828338623,5.234000205993652,5.324999809265137,183300.0
2025-02-24,5.429999828338623,5.638000011444092,4.670000076293945,4.679999828338623,181600.0
2025-02-25,4.690000057220459,4.690000057220459,4.510000228881836,4.679999828338623,59200.0
2025-02-26,4.679999828338623,4.789999961853027,4.425000190734863,4.489999771118164,86300.0
2025-02-27,4.420000076293945,4.679999828338623,4.380000114440918,4.46999979019165,66700.0
2025-02-28,4.449999809265137,4.570000171661377,4.215000152587891,4.534999847412109,188900.0
2025-03-03,4.550000190734863,4.599999904632568,4.010000228881836,4.050000190734863,71300.0
2025-03-04,3.9600000381469727,4.322999954223633,3.7200000286102295,3.950000047683716,140500.0
2025-03-05,3.9600000381469727,4.070000171661377,3.799999952316284,4.019999980926514,115800.0
2025-03-06,3.930000066757202,4.099999904632568,3.759999990463257,3.930000066757202,61200.0
2025-03-07,3.9100000858306885,3.996000051498413,3.375,3.3949999809265137,361200.0
2025-03-10,3.2899999618530273,3.680000066757202,3.2300000190734863,3.319999933242798,315000.0
2025-03-11,3.319999933242798,3.319999933242798,2.9100000858306885,2.940000057220459,361000.0
2025-03-12,2.9600000381469727,3.2850000858306885,2.9600000381469727,3.130000114440918,164500.0
2025-03-13,3.1500000953674316,3.2739999294281006,2.875,2.940000057220459,454300.0
2025-03-14,2.5399999618530273,3.315999984741211,2.431999921798706,2.859999895095825,1211900.0
2025-03-17,2.9700000286102295,2.9700000286102295,2.555000066757202,2.630000114440918,882700.0
2025-03-18,2.569999933242798,2.630000114440918,2.4000000953674316,2.5899999141693115,728000.0
2025-03-19,2.5999999046325684,3.0399999618530273,2.5999999046325684,2.990000009536743,293200.0
2025-03-20,2.9700000286102295,3.015000104904175,2.690000057220459,2.809999942779541,325600.0
2025-03-21,2.7699999809265137,2.7899999618530273,2.5799999237060547,2.6449999809265137,372100.0
2025-03-24,2.7100000381469727,2.868000030517578,2.6649999618530273,2.740000009536743,307500.0
2025-03-25,2.759999990463257,2.9049999713897705,2.615000009536743,2.640000104904175,211100.0
2025-03-26,2.619999885559082,2.680000066757202,2.5199999809265137,2.569999933242798,109700.0
2025-03-27,2.5399999618530273,2.5850000381469727,2.4800000190734863,2.490000009536743,85600.0
2025-03-28,2.4700000286102295,2.515000104904175,2.240000009536743,2.2899999618530273,206900.0
2025-03-31,2.200000047683716,2.390000104904175,2.0999999046325684,2.3350000381469727,199600.0
2025-04-01,2.259999990463257,2.259999990463257,2.0450000762939453,2.1449999809265137,914700.0
2025-04-02,2.069999933242798,2.1500000953674316,2.005000114440918,2.0999999046325684,612800.0
2025-04-03,1.8899999856948853,2.059999942779541,1.840000033378601,1.975000023841858,244800.0
2025-04-04,1.850000023841858,1.9900000095367432,1.6519999504089355,1.9800000190734863,295100.0
2025-04-07,1.899999976158142,2.2100000381469727,1.7699999809265137,1.9299999475479126,502400.0
2025-04-08,2.0299999713897705,2.059999942779541,1.784999966621399,1.7999999523162842,364800.0
2025-04-09,1.7599999904632568,2.2200000286102295,1.7200000286102295,2.059999942779541,401900.0
2025-04-10,1.9600000381469727,2.0799999237060547,1.7999999523162842,1.7999999523162842,167000.0
2025-04-11,1.809999942779541,1.8880000114440918,1.7999999523162842,1.8200000524520874,116200.0
2025-04-14,1.8700000047683716,1.8700000047683716,1.690000057220459,1.774999976158142,379700.0
2025-04-15,1.7599999904632568,1.774999976158142,1.6200000047683716,1.6799999475479126,472100.0
2025-04-16,1.6399999856948853,1.7699999809265137,1.5399999618530273,1.590000033378601,396100.0
2025-04-17,1.5700000524520874,1.7050000429153442,1.559999942779541,1.7000000476837158,117700.0
2025-04-21,1.649999976158142,1.7200000286102295,1.5299999713897705,1.7000000476837158,130900.0
2025-04-22,1.7599999904632568,1.7649999856948853,1.659999966621399,1.690000057220459,114300.0
2025-04-23,1.7699999809265137,1.840000033378601,1.7000000476837158,1.7300000190734863,105100.0
2025-04-24,1.7200000286102295,1.8600000143051147,1.690000057220459,1.8200000524520874,91100.0
2025-04-25,1.7899999618530273,1.9600000381469727,1.7699999809265137,1.9600000381469727,123600.0
2025-04-28,2.049999952316284,2.115000009536743,1.8700000047683716,2.109999895095825,163800.0
2025-04-29,2.0899999141693115,2.2899999618530273,2.009999990463257,2.240000009536743,285900.0
2025-04-30,2.140000104904175,2.2100000381469727,2.0,2.1700000762939453,172500.0
2025-05-01,2.1700000762939453,2.299999952316284,2.0399999618530273,2.259999990463257,158900.0
2025-05-02,2.859999895095825,3.119999885559082,2.375,3.0199999809265137,3589900.0
2025-05-05,2.9600000381469727,2.9760000705718994,2.184000015258789,2.430000066757202,1150300.0
2025-05-06,2.359999895095825,2.380000114440918,2.0199999809265137,2.2950000762939453,607300.0
2025-05-07,2.2899999618530273,2.690000057220459,2.25,2.559999942779541,671100.0
2025-05-08,2.5999999046325684,3.0199999809265137,2.569999933242798,2.8299999237060547,1306000.0
2025-05-09,2.7100000381469727,3.1500000953674316,2.640000104904175,2.990000009536743,609500.0
2025-05-12,3.3499999046325684,3.359999895095825,2.8350000381469727,3.309999942779541,433400.0
2025-05-13,3.3399999141693115,3.563999891281128,3.2200000286102295,3.5199999809265137,626400.0
2025-05-14,3.5799999237060547,3.5799999237060547,3.2820000648498535,3.390000104904175,447300.0
2025-05-15,3.4100000858306885,3.6449999809265137,3.190999984741211,3.549999952316284,542100.0
2025-05-16,3.549999952316284,3.7200000286102295,3.4200000762939453,3.569999933242798,384700.0
2025-05-19,3.4200000762939453,3.609999895095825,3.3399999141693115,3.559999942779541,377400.0
2025-05-20,3.5799999237060547,4.0,3.440000057220459,3.805000066757202,1018800.0
2025-05-21,4.0,4.369999885559082,3.809999942779541,3.9149999618530273,1148600.0
2025-05-22,4.090000152587891,4.489999771118164,3.9110000133514404,4.159999847412109,724600.0
2025-05-23,4.019999980926514,4.320000171661377,3.9800000190734863,4.25,350700.0
2025-05-27,4.400000095367432,4.579999923706055,4.179999828338623,4.449999809265137,426000.0
2025-05-28,4.449999809265137,4.546999931335449,4.110000133514404,4.349999904632568,306900.0
2025-05-29,4.460000038146973,4.565000057220459,4.329999923706055,4.420000076293945,448700.0
2025-05-30,4.349999904632568,4.5,4.159999847412109,4.409999847412109,297600.0
2025-06-02,4.440000057220459,4.510000228881836,4.199999809265137,4.460000038146973,289900.0
2025-06-03,4.5,4.820000171661377,4.460000038146973,4.630000114440918,294900.0
2025-06-04,4.630000114440918,4.735000133514404,4.380000114440918,4.619999885559082,234500.0
2025-06-05,4.630000114440918,4.791999816894531,4.440000057220459,4.590000152587891,259300.0
2025-06-06,4.650000095367432,5.150000095367432,4.650000095367432,5.070000171661377,448300.0
2025-06-09,5.210000038146973,5.210000038146973,4.824999809265137,5.050000190734863,473700.0
2025-06-10,4.179999828338623,5.190000057220459,4.150000095367432,5.119999885559082,4216700.0
2025-06-11,5.190000057220459,5.309999942779541,5.010000228881836,5.110000133514404,712300.0
2025-06-12,5.260000228881836,5.460000038146973,4.929999828338623,5.25,1036900.0
2025-06-13,5.090000152587891,5.190000057220459,4.420000076293945,4.550000190734863,939600.0
2025-06-16,4.610000133514404,5.119999885559082,4.610000133514404,5.059999942779541,916500.0
2025-06-17,4.96999979019165,5.209000110626221,4.739999771118164,5.050000190734863,604800.0
2025-06-18,4.96999979019165,5.139999866485596,4.965000152587891,5.0,649500.0
2025-06-20,5.110000133514404,5.110000133514404,4.614999771118164,4.769999980926514,694000.0
2025-06-23,4.789999961853027,4.940000057220459,4.710000038146973,4.849999904632568,409600.0
2025-06-24,4.96999979019165,5.28000020980835,4.860000133514404,5.139999866485596,446700.0
2025-06-25,5.210000038146973,5.25,4.739999771118164,4.900000095367432,591600.0
2025-06-26,4.900000095367432,5.010000228881836,4.699999809265137,4.739999771118164,380300.0
2025-06-27,4.800000190734863,4.940000057220459,4.650000095367432,4.900000095367432,627800.0
2025-06-30,4.960000038146973,5.130000114440918,4.78000020980835,4.829999923706055,348800.0
2025-07-01,4.769999980926514,5.400000095367432,4.699999809265137,5.25,1255500.0
2025-07-02,5.25,5.25,5.019999980926514,5.159999847412109,474800.0
2025-07-03,5.21999979019165,5.460000038146973,5.050000190734863,5.400000095367432,279900.0
2025-07-07,5.380000114440918,5.650000095367432,5.150000095367432,5.389999866485596,492600.0
2025-07-08,5.460000038146973,5.548999786376953,5.320000171661377,5.369999885559082,259800.0
2025-07-09,5.409999847412109,5.429999828338623,4.929999828338623,4.989999771118164,409200.0
2025-07-10,5.150000095367432,5.150000095367432,4.75,4.989999771118164,899000.0
2025-07-11,4.949999809265137,5.039999961853027,4.889999866485596,4.980000019073486,406900.0
2025-07-14,4.980000019073486,5.360000133514404,4.909999847412109,5.239999771118164,612700.0
2025-07-15,5.289999961853027,5.427999973297119,5.070000171661377,5.119999885559082,271100.0
2025-07-16,5.159999847412109,5.440000057220459,5.090000152587891,5.400000095367432,349000.0
2025-07-17,5.409999847412109,6.019999980926514,5.360000133514404,5.929999828338623,890700.0
2025-07-18,6.039999961853027,6.159999847412109,5.559999942779541,5.559999942779541,607500.0
2025-07-21,5.570000171661377,5.769999980926514,5.489999771118164,5.610000133514404,404200.0
2025-07-22,5.690000057220459,6.380000114440918,5.579999923706055,6.309999942779541,1041000.0
2025-07-23,6.489999771118164,6.710000038146973,6.0,6.449999809265137,1750500.0
2025-07-24,6.460000038146973,6.760000228881836,6.269999980926514,6.289999961853027,529600.0
2025-07-25,6.340000152587891,6.605000019073486,6.260000228881836,6.46999979019165,540100.0
2025-07-28,6.659999847412109,6.679999828338623,6.144999980926514,6.340000152587891,639300.0
2025-07-29,6.329999923706055,6.71999979019165,6.184999942779541,6.199999809265137,729500.0
2025-07-30,6.199999809265137,6.474999904632568,6.039999961853027,6.139999866485596,510100.0
2025-07-31,6.139999866485596,6.650000095367432,6.122000217437744,6.610000133514404,1209500.0
2025-08-01,5.5,6.170000076293945,5.15500020980835,5.914999961853027,2614100.0
2025-08-04,6.019999980926514,6.389999866485596,6.0,6.03000020980835,1054400.0
2025-08-05,6.059999942779541,6.190000057220459,5.9039998054504395,6.019999980926514,451200.0
2025-08-06,6.019999980926514,6.195000171661377,5.900000095367432,6.150000095367432,545500.0
2025-08-07,6.289999961853027,6.425000190734863,6.110000133514404,6.199999809265137,429300.0
2025-08-08,6.25,6.369999885559082,6.139999866485596,6.239999771118164,389300.0
2025-08-11,6.239999771118164,6.699999809265137,6.03000020980835,6.550000190734863,788700.0
2025-08-12,6.519999980926514,6.940000057220459,6.519999980926514,6.710000038146973,719900.0
2025-08-13,6.760000228881836,7.46999979019165,6.550000190734863,7.300000190734863,1947900.0
2025-08-14,7.179999828338623,7.179999828338623,6.010000228881836,6.239999771118164,1633500.0
2025-08-15,6.309999942779541,6.419000148773193,6.170000076293945,6.255000114440918,526700.0
2025-08-18,6.25,6.5,6.21999979019165,6.320000171661377,597000.0
2025-08-19,6.340000152587891,6.489999771118164,6.110000133514404,6.239999771118164,715300.0
2025-08-20,6.269999980926514,6.78000020980835,6.114999771118164,6.489999771118164,1162400.0
2025-08-21,6.400000095367432,6.514999866485596,5.869999885559082,5.889999866485596,615800.0
2025-08-22,5.900000095367432,6.53000020980835,5.800000190734863,6.5,700400.0
2025-08-25,6.460000038146973,6.488999843597412,6.190000057220459,6.400000095367432,475700.0
2025-08-26,6.449999809265137,6.730000019073486,6.300000190734863,6.360000133514404,675400.0
2025-08-27,6.320000171661377,6.53000020980835,6.320000171661377,6.369999885559082,226600.0
2025-08-28,6.420000076293945,6.900000095367432,6.349999904632568,6.659999847412109,586300.0
2025-08-29,6.659999847412109,6.698999881744385,6.284999847412109,6.449999809265137,434400.0
2025-09-02,6.239999771118164,6.395999908447266,6.170000076293945,6.28000020980835,437600.0
2025-09-03,6.239999771118164,6.460000038146973,6.21999979019165,6.300000190734863,469700.0
2025-09-04,6.349999904632568,6.349999904632568,5.815000057220459,5.900000095367432,516600.0
2025-09-05,5.929999828338623,6.019999980926514,5.730000019073486,5.880000114440918,282700.0
2025-09-08,6.0,6.210000038146973,5.869999885559082,6.199999809265137,282600.0
2025-09-09,6.269999980926514,6.389999866485596,6.019999980926514,6.199999809265137,344700.0
2025-09-10,6.25,6.300000190734863,6.065000057220459,6.099999904632568,385200.0
2025-09-11,6.150000095367432,6.400000095367432,6.099999904632568,6.309999942779541,225900.0
2025-09-12,6.260000228881836,6.40500020980835,5.769999980926514,6.199999809265137,644300.0
2025-09-15,6.190000057220459,6.320000171661377,5.809999942779541,5.929999828338623,651000.0
2025-09-16,5.920000076293945,6.199999809265137,5.610000133514404,5.710000038146973,650500.0
2025-09-17,5.690000057220459,6.28000020980835,5.619999885559082,6.190000057220459,988300.0
2025-09-18,6.25,6.349999904632568,5.960000038146973,6.150000095367432,511200.0
2025-09-19,6.28000020980835,6.78000020980835,6.130000114440918,6.550000190734863,1772600.0
2025-09-22,6.639999866485596,6.960000038146973,6.184999942779541,6.820000171661377,782300.0
2025-09-23,6.820000171661377,7.570000171661377,6.71999979019165,7.230000019073486,1188300.0
2025-09-24,7.25,7.730000019073486,7.114999771118164,7.28000020980835,1052400.0
2025-09-25,7.230000019073486,7.409999847412109,6.78000020980835,7.309999942779541,1369800.0
2025-09-26,7.369999885559082,7.619999885559082,7.159999847412109,7.420000076293945,646700.0
2025-09-29,7.550000190734863,7.909999847412109,7.349999904632568,7.539999961853027,827700.0
2025-09-30,7.489999771118164,8.119999885559082,7.489999771118164,8.020000457763672,962300.0
2025-10-01,7.940000057220459,8.149999618530273,7.829999923706055,8.119999885559082,537200.0
2025-10-02,8.149999618530273,8.149999618530273,7.539999961853027,7.960000038146973,983300.0
2025-10-03,7.934999942779541,8.4399995803833,7.440000057220459,7.739999771118164,1131000.0
2025-10-06,7.869999885559082,8.199999809265137,7.635000228881836,8.180000305175781,837300.0
2025-10-07,8.239999771118164,8.399999618530273,7.71999979019165,8.029999732971191,728200.0
2025-10-08,8.079999923706055,8.600000381469727,8.079999923706055,8.550000190734863,1038400.0
2025-10-09,8.8100004196167,9.109999656677246,8.479999542236328,8.600000381469727,1023500.0
2025-10-10,8.699999809265137,8.9350004196167,8.539999961853027,8.710000038146973,885500.0
2025-10-13,8.739999771118164,9.765000343322754,8.720000267028809,9.699999809265137,1189200.0
2025-10-14,9.25,9.899999618530273,9.020000457763672,9.829999923706055,878400.0
2025-10-15,10.149999618530273,10.680000305175781,9.899999618530273,10.630000114440918,1402600.0
2025-10-16,10.680000305175781,10.739999771118164,9.289999961853027,9.489999771118164,1450800.0
2025-10-17,9.3100004196167,9.460000038146973,8.90999984741211,9.119999885559082,528700.0
2025-10-20,9.319999694824219,10.5,9.152999877929688,10.329999923706055,862100.0
2025-10-21,10.329999923706055,10.329999923706055,9.649999618530273,9.8100004196167,552800.0
2025-10-22,9.859999656677246,10.800000190734863,9.744999885559082,10.239999771118164,1274800.0
2025-10-23,10.270000457763672,10.819999694824219,10.270000457763672,10.619999885559082,782500.0
2025-10-24,10.859999656677246,11.4399995803833,10.600000381469727,11.390000343322754,1124700.0
2025-10-27,11.699999809265137,12.0,11.3100004196167,11.649999618530273,845300.0
2025-10-28,11.630000114440918,11.789999961853027,11.149999618530273,11.569999694824219,1530500.0
2025-10-29,11.510000228881836,11.930000305175781,10.871000289916992,10.899999618530273,974400.0
2025-10-30,10.770000457763672,11.069999694824219,10.539999961853027,10.579999923706055,668200.0
2025-10-31,10.5,11.170000076293945,10.279999732971191,10.40999984741211,413900.0
2025-11-03,10.539999961853027,10.680000305175781,10.050000190734863,10.390000343322754,484300.0
2025-11-04,10.100000381469727,10.40999984741211,8.75,9.0,1923300.0
2025-11-05,8.880000114440918,9.729999542236328,8.0600004196167,9.609999656677246,2532300.0
2025-11-06,9.6899995803833,10.630000114440918,9.097000122070312,10.489999771118164,1687300.0
2025-11-07,7.300000190734863,8.09000015258789,5.739999771118164,6.119999885559082,8781500.0
2025-11-10,6.010000228881836,6.696000099182129,6.010000228881836,6.340000152587891,1521300.0
2025-11-11,6.420000076293945,6.420000076293945,5.559999942779541,5.769999980926514,1609400.0
2025-11-12,5.690000057220459,6.25,5.690000057220459,6.099999904632568,969400.0
2025-11-13,5.940000057220459,6.130000114440918,5.559999942779541,5.71999979019165,1296200.0
2025-11-14,5.559999942779541,5.809999942779541,5.369999885559082,5.46999979019165,931300.0
2025-11-17,5.46999979019165,5.5,3.880000114440918,4.170000076293945,5399500.0
2025-11-18,4.0,4.25,3.799999952316284,4.070000171661377,2419400.0
2025-11-19,4.079999923706055,4.110000133514404,3.609999895095825,4.03000020980835,1221200.0
2025-11-20,4.099999904632568,4.369999885559082,3.640000104904175,3.7300000190734863,819200.0
2025-11-21,3.680000066757202,3.7699999809265137,3.4149999618530273,3.6600000858306885,1353500.0
2025-11-24,3.690000057220459,3.7100000381469727,3.4100000858306885,3.549999952316284,1585400.0
2025-11-25,3.559999942779541,3.890000104904175,3.5250000953674316,3.880000114440918,1212600.0
2025-11-26,3.8499999046325684,3.880000114440918,3.369999885559082,3.569999933242798,1049200.0
2025-11-28,3.5999999046325684,3.690000057220459,3.450000047683716,3.5299999713897705,307900.0
2025-12-01,3.4700000286102295,3.6700000762939453,3.309999942779541,3.359999895095825,881400.0
2025-12-02,3.3399999141693115,3.450000047683716,3.1500000953674316,3.440000057220459,731500.0
2025-12-03,3.450000047683716,3.494999885559082,3.2200000286102295,3.369999885559082,635300.0
2025-12-04,3.359999895095825,3.5199999809265137,3.2100000381469727,3.359999895095825,642100.0
2025-12-05,3.359999895095825,3.359999895095825,3.015000104904175,3.0399999618530273,724900.0
2025-12-08,3.049999952316284,3.059999942779541,2.7200000286102295,2.7699999809265137,767800.0
2025-12-09,2.799999952316284,3.009999990463257,2.690000057220459,2.9700000286102295,582100.0
2025-12-10,2.990000009536743,3.059999942779541,2.869999885559082,3.0199999809265137,653300.0
2025-12-11,3.0,3.130000114440918,2.7899999618530273,3.0399999618530273,566500.0
2025-12-12,3.0299999713897705,3.0799999237060547,2.5399999618530273,2.5999999046325684,834100.0
2025-12-15,2.569999933242798,2.7100000381469727,2.4600000381469727,2.630000114440918,618100.0
2025-12-16,2.569999933242798,2.6050000190734863,2.4100000858306885,2.569999933242798,394100.0
2025-12-17,2.569999933242798,2.575000047683716,2.2200000286102295,2.2249999046325684,718600.0
2025-12-18,2.309999942779541,2.3389999866485596,2.109999895095825,2.1600000858306885,505400.0
2025-12-19,2.180000066757202,2.359999895095825,2.1700000762939453,2.190000057220459,652000.0
2025-12-22,2.180000066757202,2.240000009536743,2.109999895095825,2.1500000953674316,539400.0
2025-12-23,2.109999895095825,2.200000047683716,2.069999933242798,2.119999885559082,537700.0
2025-12-24,2.0999999046325684,2.234999895095825,2.0999999046325684,2.1700000762939453,370300.0
2025-12-26,2.130000114440918,2.240000009536743,2.0199999809265137,2.0299999713897705,1027000.0
2025-12-29,2.0299999713897705,2.0899999141693115,1.934999942779541,1.9900000095367432,694700.0
2025-12-30,2.0,2.0399999618530273,1.968000054359436,1.9700000286102295,426700.0
2025-12-31,1.9800000190734863,2.0399999618530273,1.934999942779541,1.9800000190734863,549800.0
2026-01-02,2.0299999713897705,2.0299999713897705,1.840000033378601,1.850000023841858,504600.0
2026-01-05,1.840000033378601,2.0,1.8300000429153442,1.9900000095367432,412200.0
2026-01-06,2.0,2.180000066757202,1.9700000286102295,2.1500000953674316,1054300.0
2026-01-07,2.1600000858306885,2.2699999809265137,2.069999933242798,2.1500000953674316,765000.0
2026-01-08,2.1500000953674316,2.299999952316284,2.109999895095825,2.2200000286102295,948100.0
2026-01-09,2.259999990463257,2.4600000381469727,2.0899999141693115,2.259999990463257,3034200.0
2026-01-12,2.25,2.7300000190734863,2.180000066757202,2.5,4251100.0
2026-01-13,2.5,2.5850000381469727,2.2750000953674316,2.4000000953674316,1182000.0
2026-01-14,2.380000114440918,2.5,2.240000009536743,2.2899999618530273,1770600.0
2026-01-15,2.3299999237060547,2.3399999141693115,2.190000057220459,2.2200000286102295,1102000.0
2026-01-16,2.2100000381469727,2.5999999046325684,2.1500000953674316,2.430000066757202,2208300.0
2026-01-20,2.3299999237060547,3.009999990463257,2.309999942779541,2.7799999713897705,4658700.0
2026-01-21,2.759999990463257,3.069999933242798,2.640000104904175,2.950000047683716,3495200.0
2026-01-22,3.009999990463257,3.1449999809265137,2.799999952316284,2.9100000858306885,2508900.0
2026-01-23,2.9200000762939453,2.9630000591278076,2.7300000190734863,2.7799999713897705,934300.0
2026-01-26,2.7899999618530273,3.0799999237060547,2.7300000190734863,3.0299999713897705,1394300.0
2026-01-27,3.0299999713897705,3.1500000953674316,2.690000057220459,3.119999885559082,2310300.0
2026-01-28,3.1600000858306885,3.2850000858306885,2.799999952316284,2.9049999713897705,1383600.0
2026-01-29,2.9000000953674316,2.990000009536743,2.8299999237060547,2.9000000953674316,742500.0
2026-01-30,2.819999933242798,3.069999933242798,2.630000114440918,2.9700000286102295,1256300.0
2026-02-02,2.940000057220459,2.9600000381469727,2.5,2.5799999237060547,1228700.0
2026-02-03,2.569999933242798,2.619999885559082,2.3399999141693115,2.4600000381469727,872500.0
2026-02-04,2.430000066757202,2.4600000381469727,2.115000009536743,2.2100000381469727,1137200.0
2026-02-05,2.1600000858306885,2.1700000762939453,1.8600000143051147,1.9299999475479126,1236500.0
2026-02-06,1.9600000381469727,2.359999895095825,1.9500000476837158,2.2699999809265137,976300.0
2026-02-09,2.25,2.3289999961853027,2.0950000286102295,2.2200000286102295,613000.0
2026-02-10,2.25,2.3399999141693115,2.1700000762939453,2.1700000762939453,468700.0
2026-02-11,2.140000104904175,2.1600000858306885,1.9500000476837158,2.119999885559082,789500.0
2026-02-12,2.109999895095825,2.119999885559082,1.940000057220459,1.940000057220459,454300.0
2026-02-13,1.9249999523162842,2.0399999618530273,1.8799999952316284,1.8899999856948853,428500.0
2026-02-17,1.8700000047683716,1.8700000047683716,1.7699999809265137,1.7999999523162842,331700.0
2026-02-18,1.840000033378601,2.0399999618530273,1.809999942779541,1.8899999856948853,497700.0
2026-02-19,1.850000023841858,1.899999976158142,1.8289999961853027,1.8700000047683716,226000.0
2026-02-20,1.840000033378601,1.9149999618530273,1.7799999713897705,1.8799999952316284,585500.0
2026-02-23,1.840000033378601,1.850000023841858,1.6200000047683716,1.649999976158142,611900.0
2026-02-24,1.659999966621399,1.7899999618530273,1.659999966621399,1.725000023841858,580200.0
2026-02-25,1.7400000095367432,1.8600000143051147,1.7400000095367432,1.7999999523162842,353300.0
2026-02-26,1.809999942779541,1.809999942779541,1.659999966621399,1.7400000095367432,499600.0
2026-02-27,1.7400000095367432,1.7400000095367432,1.5700000524520874,1.5800000429153442,462600.0
2026-03-02,1.559999942779541,1.75,1.5099999904632568,1.7100000381469727,824500.0
2026-03-03,1.6200000047683716,1.7949999570846558,1.5149999856948853,1.7350000143051147,1085000.0
2026-03-04,1.7300000190734863,1.909999966621399,1.7230000495910645,1.8350000381469727,494400.0
2026-03-05,1.9500000476837158,2.0899999141693115,1.8300000429153442,1.850000023841858,858300.0
2026-03-06,1.8700000047683716,2.140000104904175,1.8200000524520874,2.0899999141693115,816000.0
2026-03-09,2.119999885559082,2.119999885559082,1.7799999713897705,2.059999942779541,1791700.0
2026-03-10,2.0199999809265137,2.130000114440918,1.815000057220459,1.9199999570846558,1109400.0
2026-03-11,1.940000057220459,2.2799999713897705,1.9299999475479126,2.259999990463257,1004600.0
2026-03-12,2.240000009536743,2.299999952316284,2.130000114440918,2.180000066757202,1134200.0
2026-03-13,2.2100000381469727,2.2100000381469727,1.8350000381469727,1.850000023841858,948200.0
2026-03-16,2.865000009536743,3.259999990463257,2.490000009536743,2.805000066757202,77428100.0
2026-03-17,2.880000114440918,2.9200000762939453,2.2899999618530273,2.690000057220459,5765200.0
2026-03-18,2.680000066757202,2.9800000190734863,2.5399999618530273,2.7899999618530273,2763500.0
2026-03-19,2.690000057220459,2.8399999141693115,2.4600000381469727,2.7200000286102295,2295500.0
2026-03-20,2.759999990463257,3.130000114440918,2.609999895095825,2.6500000953674316,4806100.0
2026-03-23,2.740000009536743,3.200000047683716,2.549999952316284,2.7799999713897705,3800300.0
2026-03-24,2.690000057220459,2.990000009536743,2.6600000858306885,2.819999933242798,1391000.0
2026-03-25,2.880000114440918,3.109999895095825,2.680999994277954,3.049999952316284,2577700.0
2026-03-26,2.9700000286102295,3.490000009536743,2.9700000286102295,3.25,3435800.0
2026-03-27,3.180000066757202,3.180000066757202,2.744999885559082,2.869999885559082,1997000.0
2026-03-30,3.009999990463257,3.009999990463257,2.515000104904175,2.7300000190734863,1477000.0
2026-03-31,2.799999952316284,2.9800000190734863,2.759999990463257,2.8299999237060547,1344900.0
2026-04-01,2.8499999046325684,2.8499999046325684,2.5950000286102295,2.7300000190734863,1516200.0
2026-04-02,2.5799999237060547,3.190000057220459,2.549999952316284,3.1700000762939453,3462700.0
2026-04-06,3.140000104904175,3.3949999809265137,3.009999990463257,3.0999999046325684,1805700.0
2026-04-07,3.059999942779541,3.180000066757202,2.890000104904175,2.940000057220459,1430100.0
2026-04-08,3.0899999141693115,3.134999990463257,2.6500000953674316,2.7200000286102295,1585900.0
2026-04-09,2.759999990463257,2.8399999141693115,2.609999895095825,2.7100000381469727,1467500.0
2026-04-10,2.6600000858306885,2.700000047683716,2.3399999141693115,2.640000104904175,1927900.0
2026-04-13,2.640000104904175,2.744999885559082,2.5399999618530273,2.690000057220459,682500.0
2026-04-14,2.7300000190734863,2.890000104904175,2.5850000381469727,2.619999885559082,917900.0
2026-04-15,2.609999895095825,2.809999942779541,2.6019999980926514,2.7899999618530273,1232500.0
2026-04-16,2.8299999237060547,2.8299999237060547,2.5799999237060547,2.5999999046325684,935100.0
2026-04-17,2.690000057220459,2.759999990463257,2.509999990463257,2.559999942779541,1285000.0
2026-04-20,2.5899999141693115,2.680000066757202,2.5399999618530273,2.640000104904175,1290200.0
2026-04-21,2.640000104904175,2.7300000190734863,2.440000057220459,2.450000047683716,1523000.0
2026-04-22,2.5,2.7300000190734863,2.369999885559082,2.680000066757202,2218900.0
2026-04-23,2.640000104904175,2.6730000972747803,2.424999952316284,2.490000009536743,752500.0
2026-04-24,2.4700000286102295,2.569999933242798,2.430000066757202,2.440000057220459,841700.0
2026-04-27,2.4100000858306885,2.4700000286102295,2.3949999809265137,2.450000047683716,528300.0
2026-04-28,2.4200000762939453,2.5,2.3450000286102295,2.4700000286102295,596800.0
2026-04-29,2.490000009536743,2.559999942779541,2.430000066757202,2.5399999618530273,1039900.0
2026-04-30,2.509999990463257,2.7249999046325684,2.4600000381469727,2.680000066757202,1215100.0
2026-05-01,2.7100000381469727,3.628999948501587,2.674999952316284,3.319999933242798,3871600.0
2026-05-04,3.2799999713897705,3.5199999809265137,3.2699999809265137,3.440000057220459,1444900.0
2026-05-05,3.490000009536743,3.7249999046325684,3.4000000953674316,3.5199999809265137,1773300.0
2026-05-06,3.5399999618530273,3.6449999809265137,3.380000114440918,3.569999933242798,970300.0
2026-05-07,3.5199999809265137,3.749000072479248,3.440000057220459,3.4600000381469727,1080700.0
2026-05-08,3.690000057220459,3.880000114440918,3.3499999046325684,3.859999895095825,2419100.0
2026-05-11,3.9200000762939453,4.565000057220459,3.8910000324249268,4.349999904632568,3020200.0
2026-05-12,4.25,4.519999980926514,3.619999885559082,4.159999847412109,2818400.0
2026-05-13,4.210000038146973,4.670000076293945,4.079999923706055,4.659999847412109,1555100.0
2026-05-14,4.679999828338623,4.889999866485596,4.626999855041504,4.739999771118164,1199400.0
2026-05-15,4.579999923706055,4.809999942779541,4.369999885559082,4.800000190734863,1150100.0
2026-05-18,4.829999923706055,4.829999923706055,4.489999771118164,4.760000228881836,1127900.0
2026-05-19,4.769999980926514,5.050000190734863,4.679999828338623,4.860000133514404,1071200.0
2026-05-20,4.929999828338623,5.114999771118164,4.699999809265137,5.090000152587891,803700.0
2026-05-21,5.110000133514404,5.28000020980835,4.800000190734863,5.260000228881836,983300.0
2026-05-22,5.349999904632568,5.46999979019165,5.190000057220459,5.329999923706055,1029600.0
2026-05-26,5.289999961853027,5.590000152587891,5.25,5.489999771118164,792800.0
2026-05-27,5.46999979019165,5.543000221252441,5.239999771118164,5.400000095367432,765700.0
2026-05-28,5.46999979019165,5.739999771118164,5.400000095367432,5.539999961853027,737500.0
2026-05-29,5.570000171661377,5.579999923706055,5.289999961853027,5.380000114440918,513000.0
2026-06-01,5.400000095367432,5.440000057220459,5.224999904632568,5.300000190734863,536000.0
2026-06-02,5.269999980926514,5.5,5.215000152587891,5.21999979019165,519600.0
2026-06-03,5.21999979019165,5.340000152587891,4.824999809265137,5.170000076293945,884900.0
2026-06-04,5.019999980926514,5.789999961853027,5.014999866485596,5.710000038146973,811500.0
2026-06-05,5.630000114440918,5.690000057220459,5.039999961853027,5.110000133514404,908200.0
2026-06-08,5.309999942779541,5.369999885559082,4.96999979019165,5.03000020980835,636800.0
2026-06-09,5.079999923706055,5.425000190734863,4.820000171661377,5.28000020980835,1530400.0
2026-06-10,5.199999809265137,5.53000020980835,4.949999809265137,4.96999979019165,584900.0
2026-06-11,5.059999942779541,5.389999866485596,5.03000020980835,5.349999904632568,476500.0
2026-06-12,5.5,5.650000095367432,5.295000076293945,5.349999904632568,671400.0
2026-06-15,5.489999771118164,5.519999980926514,5.045000076293945,5.079999923706055,573800.0
2026-06-16,5.090000152587891,5.190000057220459,5.010000228881836,5.03000020980835,453100.0
2026-06-17,5.090000152587891,5.230000019073486,4.789999961853027,4.809999942779541,471500.0
2026-06-18,4.940000057220459,5.093999862670898,4.889999866485596,4.940000057220459,984500.0
2026-06-22,4.869999885559082,4.880000114440918,4.559999942779541,4.739999771118164,523700.0
2026-06-23,4.550000190734863,4.769999980926514,4.46999979019165,4.599999904632568,539000.0
2026-06-24,4.559999942779541,4.639999866485596,4.46999979019165,4.545000076293945,416200.0
2026-06-25,4.559999942779541,4.673999786376953,4.369999885559082,4.420000076293945,636700.0
2026-06-26,4.389999866485596,4.639999866485596,4.369999885559082,4.570000171661377,1094900.0
2026-06-29,4.630000114440918,4.75,4.390999794006348,4.519999980926514,430400.0
2026-06-30,4.5,4.559999942779541,4.420000076293945,4.5,337400.0
2026-07-01,4.460000038146973,4.699999809265137,4.400000095367432,4.409999847412109,462300.0
2026-07-02,4.409999847412109,4.659999847412109,4.369999885559082,4.519999980926514,264300.0
2026-07-06,4.53000020980835,4.769999980926514,4.429999828338623,4.480000019073486,508100.0
2026-07-07,4.480000019073486,4.514999866485596,4.170000076293945,4.21999979019165,414200.0
2026-07-08,4.21999979019165,4.329999923706055,4.119999885559082,4.179999828338623,450100.0
2026-07-09,4.190000057220459,4.460999965667725,4.130000114440918,4.329999923706055,471500.0
2026-07-10,4.389999866485596,4.5,4.239999771118164,4.329999923706055,403200.0
2026-07-13,4.300000190734863,4.400000095367432,4.199999809265137,4.199999809265137,312300.0
2026-07-14,4.210000038146973,4.275000095367432,4.139999866485596,4.199999809265137,286700.0
2026-07-15,4.170000076293945,4.230000019073486,3.990000009536743,4.150000095367432,423100.0
2026-07-16,4.130000114440918,4.199999809265137,4.039000034332275,4.159999847412109,427700.0
2026-07-17,4.099999904632568,4.565000057220459,4.099999904632568,4.449999809265137,619500.0
