../../MCRB.csv