../../CGON.csv